speaker_id;session;speech_id;word;word_n
1505;10/2024;2024_10_251;ai;1
1505;10/2024;2024_10_251;aika;2
1505;10/2024;2024_10_251;aikana;1
1505;10/2024;2024_10_251;ajattelin;1
1505;10/2024;2024_10_251;aktiivinen;1
1505;10/2024;2024_10_251;alueella;1
1505;10/2024;2024_10_251;alussa;1
1505;10/2024;2024_10_251;antaa;1
1505;10/2024;2024_10_251;arvoisa;1
1505;10/2024;2024_10_251;asian;1
1505;10/2024;2024_10_251;ei;1
1505;10/2024;2024_10_251;essayahille;1
1505;10/2024;2024_10_251;eteenpäin;1
1505;10/2024;2024_10_251;etelä-pohjanmaalta;1
1505;10/2024;2024_10_251;että;6
1505;10/2024;2024_10_251;eussa;1
1505;10/2024;2024_10_251;hallitusohjelmassa;1
1505;10/2024;2024_10_251;hallituspuolueet;1
1505;10/2024;2024_10_251;hyvä;1
1505;10/2024;2024_10_251;ja;9
1505;10/2024;2024_10_251;jo;1
1505;10/2024;2024_10_251;joka;1
1505;10/2024;2024_10_251;jolloin;1
1505;10/2024;2024_10_251;jossa;1
1505;10/2024;2024_10_251;jotka;2
1505;10/2024;2024_10_251;joulutauonkin;1
1505;10/2024;2024_10_251;järjestävät;1
1505;10/2024;2024_10_251;kaiken;1
1505;10/2024;2024_10_251;kaikennäköistä;1
1505;10/2024;2024_10_251;kalliita;1
1505;10/2024;2024_10_251;kaupunkeja;1
1505;10/2024;2024_10_251;kesään;1
1505;10/2024;2024_10_251;kiitos;1
1505;10/2024;2024_10_251;kiitosta;1
1505;10/2024;2024_10_251;kirjattu;1
1505;10/2024;2024_10_251;koko;1
1505;10/2024;2024_10_251;kontrolloitua;1
1505;10/2024;2024_10_251;koska;1
1505;10/2024;2024_10_251;kuljetetaan;1
1505;10/2024;2024_10_251;kun;2
1505;10/2024;2024_10_251;kunnassani;1
1505;10/2024;2024_10_251;kunnille;1
1505;10/2024;2024_10_251;kuntia;1
1505;10/2024;2024_10_251;kyllä;2
1505;10/2024;2024_10_251;kärsineet;1
1505;10/2024;2024_10_251;lakialoitteen;1
1505;10/2024;2024_10_251;lampaiden;1
1505;10/2024;2024_10_251;lampureista;1
1505;10/2024;2024_10_251;lapset;1
1505;10/2024;2024_10_251;lapsille;1
1505;10/2024;2024_10_251;lauma;1
1505;10/2024;2024_10_251;lisätyötä;1
1505;10/2024;2024_10_251;lukuisia;1
1505;10/2024;2024_10_251;luvun;1
1505;10/2024;2024_10_251;lähes;1
1505;10/2024;2024_10_251;lähteä;1
1505;10/2024;2024_10_251;maanviljelyksen;1
1505;10/2024;2024_10_251;maaseutuministerihän;1
1505;10/2024;2024_10_251;maininnut;1
1505;10/2024;2024_10_251;maksimissaan;1
1505;10/2024;2024_10_251;meidän;3
1505;10/2024;2024_10_251;meille;2
1505;10/2024;2024_10_251;meillä;2
1505;10/2024;2024_10_251;menetysten;1
1505;10/2024;2024_10_251;mielestä;1
1505;10/2024;2024_10_251;ministeri;1
1505;10/2024;2024_10_251;minun;1
1505;10/2024;2024_10_251;miten;1
1505;10/2024;2024_10_251;molemminpuolinen;1
1505;10/2024;2024_10_251;muassa;1
1505;10/2024;2024_10_251;mukavaa;1
1505;10/2024;2024_10_251;mutta;1
1505;10/2024;2024_10_251;muun;2
1505;10/2024;2024_10_251;myös;3
1505;10/2024;2024_10_251;myöskin;1
1505;10/2024;2024_10_251;myötä;2
1505;10/2024;2024_10_251;naapurustosta;1
1505;10/2024;2024_10_251;nauroivat;1
1505;10/2024;2024_10_251;niin;2
1505;10/2024;2024_10_251;niistä;1
1505;10/2024;2024_10_251;niitten;1
1505;10/2024;2024_10_251;no;1
1505;10/2024;2024_10_251;nyt;5
1505;10/2024;2024_10_251;näitä;1
1505;10/2024;2024_10_251;nämä;1
1505;10/2024;2024_10_251;nämähän;1
1505;10/2024;2024_10_251;ohella;1
1505;10/2024;2024_10_251;ohjelmaa;1
1505;10/2024;2024_10_251;oikeasti;1
1505;10/2024;2024_10_251;ole;1
1505;10/2024;2024_10_251;olla;1
1505;10/2024;2024_10_251;ollut;1
1505;10/2024;2024_10_251;omalla;1
1505;10/2024;2024_10_251;omassa;2
1505;10/2024;2024_10_251;on;10
1505;10/2024;2024_10_251;ongelmaa;1
1505;10/2024;2024_10_251;ongelman;1
1505;10/2024;2024_10_251;opiskelemaan;1
1505;10/2024;2024_10_251;osaltaan;1
1505;10/2024;2024_10_251;ovat;3
1505;10/2024;2024_10_251;paikkakunnalla;1
1505;10/2024;2024_10_251;pienemmäksi;1
1505;10/2024;2024_10_251;pienille;1
1505;10/2024;2024_10_251;pieniä;1
1505;10/2024;2024_10_251;pihapiirissä;1
1505;10/2024;2024_10_251;pihoissa;1
1505;10/2024;2024_10_251;plus;1
1505;10/2024;2024_10_251;pohtimaan;1
1505;10/2024;2024_10_251;puhemies;1
1505;10/2024;2024_10_251;puhumattakaan;1
1505;10/2024;2024_10_251;pyöri;1
1505;10/2024;2024_10_251;päivittäin;1
1505;10/2024;2024_10_251;päästä;1
1505;10/2024;2024_10_251;raja-arvo;1
1505;10/2024;2024_10_251;rouva;1
1505;10/2024;2024_10_251;ruotsin;1
1505;10/2024;2024_10_251;saada;1
1505;10/2024;2024_10_251;saadaan;1
1505;10/2024;2024_10_251;sen;1
1505;10/2024;2024_10_251;sieltä;2
1505;10/2024;2024_10_251;silloin;2
1505;10/2024;2024_10_251;sinä;1
1505;10/2024;2024_10_251;sitten;4
1505;10/2024;2024_10_251;stressiä;1
1505;10/2024;2024_10_251;suden;1
1505;10/2024;2024_10_251;susia;1
1505;10/2024;2024_10_251;susihavaintoja;1
1505;10/2024;2024_10_251;susikannat;1
1505;10/2024;2024_10_251;susikanta;1
1505;10/2024;2024_10_251;susikuljetuksia;1
1505;10/2024;2024_10_251;susiraja;1
1505;10/2024;2024_10_251;susirajalta;2
1505;10/2024;2024_10_251;susitihentymä;1
1505;10/2024;2024_10_251;sutta;1
1505;10/2024;2024_10_251;suuri;1
1505;10/2024;2024_10_251;suurta;1
1505;10/2024;2024_10_251;tai;1
1505;10/2024;2024_10_251;taksikuljetuksella;1
1505;10/2024;2024_10_251;taloudellisia;1
1505;10/2024;2024_10_251;tappioita;1
1505;10/2024;2024_10_251;tavoite;2
1505;10/2024;2024_10_251;tehnyt;1
1505;10/2024;2024_10_251;tehtäessä;1
1505;10/2024;2024_10_251;tiedossa;1
1505;10/2024;2024_10_251;tienneet;1
1505;10/2024;2024_10_251;tietysti;1
1505;10/2024;2024_10_251;tosiaan;1
1505;10/2024;2024_10_251;tulen;1
1505;10/2024;2024_10_251;tulet;1
1505;10/2024;2024_10_251;tulevaan;1
1505;10/2024;2024_10_251;tulin;1
1505;10/2024;2024_10_251;tuoman;1
1505;10/2024;2024_10_251;tuottanut;1
1505;10/2024;2024_10_251;turkuun;1
1505;10/2024;2024_10_251;työtä;1
1505;10/2024;2024_10_251;tämä;5
1505;10/2024;2024_10_251;tämän;3
1505;10/2024;2024_10_251;tässä;1
1505;10/2024;2024_10_251;tästä;1
1505;10/2024;2024_10_251;tätä;1
1505;10/2024;2024_10_251;täytyy;1
1505;10/2024;2024_10_251;uudet;1
1505;10/2024;2024_10_251;vaikuttavaa;1
1505;10/2024;2024_10_251;valtavan;1
1505;10/2024;2024_10_251;valtavia;1
1505;10/2024;2024_10_251;varsin;1
1505;10/2024;2024_10_251;varsinais-suomesta;1
1505;10/2024;2024_10_251;viemiseksi;1
1505;10/2024;2024_10_251;viiden;1
1505;10/2024;2024_10_251;voidaan;1
1505;10/2024;2024_10_251;voimme;1
1505;10/2024;2024_10_251;voisi;1
1505;10/2024;2024_10_251;yhdessä;1
1505;10/2024;2024_10_251;yhteisymmärrykseen;1
1505;10/2024;2024_10_251;ystävät;1
1505;10/2024;2024_10_262;aikana;1
1505;10/2024;2024_10_262;ainoastaan;1
1505;10/2024;2024_10_262;arvoisa;1
1505;10/2024;2024_10_262;asemaan;1
1505;10/2024;2024_10_262;asia;1
1505;10/2024;2024_10_262;edelleen;1
1505;10/2024;2024_10_262;edustaja;1
1505;10/2024;2024_10_262;eivät;1
1505;10/2024;2024_10_262;essayah;1
1505;10/2024;2024_10_262;eteenpäin;1
1505;10/2024;2024_10_262;että;3
1505;10/2024;2024_10_262;eussa;1
1505;10/2024;2024_10_262;haluan;1
1505;10/2024;2024_10_262;he;1
1505;10/2024;2024_10_262;hoitaneet;1
1505;10/2024;2024_10_262;hyvää;1
1505;10/2024;2024_10_262;hän;1
1505;10/2024;2024_10_262;itsekin;1
1505;10/2024;2024_10_262;ja;4
1505;10/2024;2024_10_262;joka;1
1505;10/2024;2024_10_262;jolle;1
1505;10/2024;2024_10_262;jolloin;1
1505;10/2024;2024_10_262;jos;1
1505;10/2024;2024_10_262;jukkolan;1
1505;10/2024;2024_10_262;kai;2
1505;10/2024;2024_10_262;kannanhoidollinen;1
1505;10/2024;2024_10_262;kanssa;1
1505;10/2024;2024_10_262;kanssani;1
1505;10/2024;2024_10_262;kasvamisesta;1
1505;10/2024;2024_10_262;kautta;1
1505;10/2024;2024_10_262;kertonut;1
1505;10/2024;2024_10_262;keskustapuoluelaisen;1
1505;10/2024;2024_10_262;keskustelua;1
1505;10/2024;2024_10_262;kiitos;1
1505;10/2024;2024_10_262;kun;1
1505;10/2024;2024_10_262;kysyi;1
1505;10/2024;2024_10_262;linjan;1
1505;10/2024;2024_10_262;mahdolliseksi;1
1505;10/2024;2024_10_262;mahdollisimman;1
1505;10/2024;2024_10_262;me;1
1505;10/2024;2024_10_262;metsästys;1
1505;10/2024;2024_10_262;miksi;1
1505;10/2024;2024_10_262;ministeri;2
1505;10/2024;2024_10_262;ministerin;1
1505;10/2024;2024_10_262;mitä;1
1505;10/2024;2024_10_262;muuttamisesta;1
1505;10/2024;2024_10_262;myös;1
1505;10/2024;2024_10_262;neljän;1
1505;10/2024;2024_10_262;niin;3
1505;10/2024;2024_10_262;nopeasti;1
1505;10/2024;2024_10_262;nyt;1
1505;10/2024;2024_10_262;odotetaan;1
1505;10/2024;2024_10_262;olisimme;1
1505;10/2024;2024_10_262;olisivat;1
1505;10/2024;2024_10_262;on;2
1505;10/2024;2024_10_262;osaltaan;1
1505;10/2024;2024_10_262;palaute;1
1505;10/2024;2024_10_262;pieni;1
1505;10/2024;2024_10_262;puhemies;1
1505;10/2024;2024_10_262;puhunut;1
1505;10/2024;2024_10_262;puolessa;1
1505;10/2024;2024_10_262;puolesta;1
1505;10/2024;2024_10_262;puolustaa;1
1505;10/2024;2024_10_262;pyrkinyt;1
1505;10/2024;2024_10_262;ratkaisseet;1
1505;10/2024;2024_10_262;ratkaisut;1
1505;10/2024;2024_10_262;saadaan;1
1505;10/2024;2024_10_262;saataisiin;1
1505;10/2024;2024_10_262;sen;1
1505;10/2024;2024_10_262;siihen;1
1505;10/2024;2024_10_262;siposelle;1
1505;10/2024;2024_10_262;sisällä;1
1505;10/2024;2024_10_262;sitten;2
1505;10/2024;2024_10_262;suden;1
1505;10/2024;2024_10_262;suojellusta;1
1505;10/2024;2024_10_262;suojeltuun;1
1505;10/2024;2024_10_262;suojelun;1
1505;10/2024;2024_10_262;suomen;1
1505;10/2024;2024_10_262;susikannan;1
1505;10/2024;2024_10_262;susikiintiöasiassa;1
1505;10/2024;2024_10_262;teen;1
1505;10/2024;2024_10_262;tehnyt;1
1505;10/2024;2024_10_262;tiukasti;1
1505;10/2024;2024_10_262;totta;2
1505;10/2024;2024_10_262;tähän;1
1505;10/2024;2024_10_262;tämä;2
1505;10/2024;2024_10_262;tämän;2
1505;10/2024;2024_10_262;tänään;1
1505;10/2024;2024_10_262;tässä;1
1505;10/2024;2024_10_262;tästä;1
1505;10/2024;2024_10_262;tätä;2
1505;10/2024;2024_10_262;täällä;1
1505;10/2024;2024_10_262;töitä;1
1505;10/2024;2024_10_262;vaikuttamaan;1
1505;10/2024;2024_10_262;vastaisin;1
1505;10/2024;2024_10_262;vuoden;1
1505;10/2024;2024_10_262;vuodessa;1
1505;10/2024;2024_10_262;vuoksi;1
1505;10/2024;2024_10_262;yhdessä;1
1505;10/2024;2024_10_262;yksinkertaisia;1
1505;104/2024;2024_104_152;antamana;1
1505;104/2024;2024_104_152;arvoisa;2
1505;104/2024;2024_104_152;arvostettua;1
1505;104/2024;2024_104_152;edellytyksenä;1
1505;104/2024;2024_104_152;edistäisi;1
1505;104/2024;2024_104_152;ehdotetaan;1
1505;104/2024;2024_104_152;ehdotettavilla;1
1505;104/2024;2024_104_152;eli;1
1505;104/2024;2024_104_152;englannin;2
1505;104/2024;2024_104_152;englanninkielisen;1
1505;104/2024;2024_104_152;erityisestä;1
1505;104/2024;2024_104_152;erityisopettajan;1
1505;104/2024;2024_104_152;erityisopetukseen;1
1505;104/2024;2024_104_152;esittelystä;1
1505;104/2024;2024_104_152;esityksessä;1
1505;104/2024;2024_104_152;eteenpäin;1
1505;104/2024;2024_104_152;että;4
1505;104/2024;2024_104_152;hallituksen;1
1505;104/2024;2024_104_152;hallitusohjelman;2
1505;104/2024;2024_104_152;hallitusohjelmassa;1
1505;104/2024;2024_104_152;heikosti;1
1505;104/2024;2024_104_152;henkilökunnan;1
1505;104/2024;2024_104_152;houkuttelevuutta;1
1505;104/2024;2024_104_152;hyvinvointia;1
1505;104/2024;2024_104_152;hyvistä;1
1505;104/2024;2024_104_152;ja;15
1505;104/2024;2024_104_152;jatko-opintoihin;1
1505;104/2024;2024_104_152;jatko-opintokelpoisuus;1
1505;104/2024;2024_104_152;jatkossa;2
1505;104/2024;2024_104_152;jatkumaan;1
1505;104/2024;2024_104_152;joilla;1
1505;104/2024;2024_104_152;joissa;1
1505;104/2024;2024_104_152;jokainen;1
1505;104/2024;2024_104_152;jossa;1
1505;104/2024;2024_104_152;jotka;1
1505;104/2024;2024_104_152;joukossa;1
1505;104/2024;2024_104_152;järjestetty;1
1505;104/2024;2024_104_152;kansainvälisesti;1
1505;104/2024;2024_104_152;kansainvälisten;1
1505;104/2024;2024_104_152;kehityssuunta;1
1505;104/2024;2024_104_152;keskeinen;1
1505;104/2024;2024_104_152;kielellä;2
1505;104/2024;2024_104_152;kieli;1
1505;104/2024;2024_104_152;kieltä;1
1505;104/2024;2024_104_152;kiitos;3
1505;104/2024;2024_104_152;koe;2
1505;104/2024;2024_104_152;kokee;1
1505;104/2024;2024_104_152;kolmasosa;1
1505;104/2024;2024_104_152;korvaaminen;1
1505;104/2024;2024_104_152;koulupolulla;1
1505;104/2024;2024_104_152;kriteerein;1
1505;104/2024;2024_104_152;kriteeristö;1
1505;104/2024;2024_104_152;kuten;1
1505;104/2024;2024_104_152;kuvataiteessa;1
1505;104/2024;2024_104_152;kynnyksen;1
1505;104/2024;2024_104_152;käsiteltävässä;1
1505;104/2024;2024_104_152;laadultaan;1
1505;104/2024;2024_104_152;laaja-alainen;1
1505;104/2024;2024_104_152;lailla;1
1505;104/2024;2024_104_152;lain;1
1505;104/2024;2024_104_152;liikunnassa;1
1505;104/2024;2024_104_152;lisäksi;2
1505;104/2024;2024_104_152;lisäys;1
1505;104/2024;2024_104_152;lisää;1
1505;104/2024;2024_104_152;lisäämällä;1
1505;104/2024;2024_104_152;lisääntyneet;1
1505;104/2024;2024_104_152;lukiodiplomeille;1
1505;104/2024;2024_104_152;lukiodiplomilla;1
1505;104/2024;2024_104_152;lukiokoulutuksen;2
1505;104/2024;2024_104_152;lukiokoulutuksessa;1
1505;104/2024;2024_104_152;lukiokoulutus;1
1505;104/2024;2024_104_152;lukiolaisista;1
1505;104/2024;2024_104_152;lukiolaisten;1
1505;104/2024;2024_104_152;lukiolakiin;2
1505;104/2024;2024_104_152;luodaan;1
1505;104/2024;2024_104_152;lähtökohtaisesti;1
1505;104/2024;2024_104_152;mahdollistavat;1
1505;104/2024;2024_104_152;mahdollistetaan;1
1505;104/2024;2024_104_152;mahdollisuus;2
1505;104/2024;2024_104_152;matalan;1
1505;104/2024;2024_104_152;ministerille;1
1505;104/2024;2024_104_152;moniammatilliseen;1
1505;104/2024;2024_104_152;motivoiva;1
1505;104/2024;2024_104_152;mukaan;2
1505;104/2024;2024_104_152;mukana;1
1505;104/2024;2024_104_152;musiikissa;1
1505;104/2024;2024_104_152;mutta;1
1505;104/2024;2024_104_152;muun;1
1505;104/2024;2024_104_152;muutoksia;1
1505;104/2024;2024_104_152;muutoksilla;1
1505;104/2024;2024_104_152;muutos;1
1505;104/2024;2024_104_152;myös;2
1505;104/2024;2024_104_152;niiden;1
1505;104/2024;2024_104_152;nuorten;1
1505;104/2024;2024_104_152;nyt;1
1505;104/2024;2024_104_152;näillä;1
1505;104/2024;2024_104_152;näissä;1
1505;104/2024;2024_104_152;näistä;1
1505;104/2024;2024_104_152;näkyy;1
1505;104/2024;2024_104_152;ohjaukseen;1
1505;104/2024;2024_104_152;ohjauksena;1
1505;104/2024;2024_104_152;oikea-aikaisesti;1
1505;104/2024;2024_104_152;oikeudesta;1
1505;104/2024;2024_104_152;oikeuksia;1
1505;104/2024;2024_104_152;oikeutta;1
1505;104/2024;2024_104_152;oleva;1
1505;104/2024;2024_104_152;olisi;1
1505;104/2024;2024_104_152;olla;1
1505;104/2024;2024_104_152;ollut;1
1505;104/2024;2024_104_152;on;8
1505;104/2024;2024_104_152;opintoihinsa;1
1505;104/2024;2024_104_152;opintojen;1
1505;104/2024;2024_104_152;opiskelijalle;1
1505;104/2024;2024_104_152;opiskelijoiden;4
1505;104/2024;2024_104_152;opiskelijoilla;1
1505;104/2024;2024_104_152;oppilas;1
1505;104/2024;2024_104_152;oppimisen;3
1505;104/2024;2024_104_152;oppimista;1
1505;104/2024;2024_104_152;osaamisen;1
1505;104/2024;2024_104_152;osalta;1
1505;104/2024;2024_104_152;osana;1
1505;104/2024;2024_104_152;osoittamista;1
1505;104/2024;2024_104_152;ovat;1
1505;104/2024;2024_104_152;pakollisen;1
1505;104/2024;2024_104_152;paluumuuttajien;1
1505;104/2024;2024_104_152;panostetaan;1
1505;104/2024;2024_104_152;perusopetuksen;2
1505;104/2024;2024_104_152;puhemies;2
1505;104/2024;2024_104_152;pysytään;1
1505;104/2024;2024_104_152;päättyessä;1
1505;104/2024;2024_104_152;päätös;1
1505;104/2024;2024_104_152;rajatuin;1
1505;104/2024;2024_104_152;riittävästi;1
1505;104/2024;2024_104_152;roolissa;1
1505;104/2024;2024_104_152;ruotsin;2
1505;104/2024;2024_104_152;saa;1
1505;104/2024;2024_104_152;saatavissa;1
1505;104/2024;2024_104_152;sama;1
1505;104/2024;2024_104_152;se;1
1505;104/2024;2024_104_152;sekä;4
1505;104/2024;2024_104_152;sellaisena;1
1505;104/2024;2024_104_152;selvityksissä;1
1505;104/2024;2024_104_152;siirtymistä;1
1505;104/2024;2024_104_152;siirtyäkseen;1
1505;104/2024;2024_104_152;siis;1
1505;104/2024;2024_104_152;siten;1
1505;104/2024;2024_104_152;sivistyksellisiä;1
1505;104/2024;2024_104_152;suomen;3
1505;104/2024;2024_104_152;suomessa;1
1505;104/2024;2024_104_152;suoritetaan;1
1505;104/2024;2024_104_152;suorittaa;3
1505;104/2024;2024_104_152;suorittamisen;1
1505;104/2024;2024_104_152;säädettäisiin;1
1505;104/2024;2024_104_152;tai;2
1505;104/2024;2024_104_152;taideaineen;1
1505;104/2024;2024_104_152;taideaineilla;1
1505;104/2024;2024_104_152;taitavien;1
1505;104/2024;2024_104_152;taito;1
1505;104/2024;2024_104_152;tarpeet;1
1505;104/2024;2024_104_152;tarve;1
1505;104/2024;2024_104_152;tarvitsemansa;1
1505;104/2024;2024_104_152;tarvitsevansa;1
1505;104/2024;2024_104_152;tavoite;1
1505;104/2024;2024_104_152;tavoitteena;1
1505;104/2024;2024_104_152;tehdään;1
1505;104/2024;2024_104_152;tiedonsiirron;1
1505;104/2024;2024_104_152;tiukasti;1
1505;104/2024;2024_104_152;todennäköisesti;1
1505;104/2024;2024_104_152;todettiin;1
1505;104/2024;2024_104_152;toimijoiden;1
1505;104/2024;2024_104_152;toteutetaan;1
1505;104/2024;2024_104_152;toteutettaisiin;1
1505;104/2024;2024_104_152;tuen;3
1505;104/2024;2024_104_152;tuesta;1
1505;104/2024;2024_104_152;tukea;2
1505;104/2024;2024_104_152;tukeen;2
1505;104/2024;2024_104_152;tukena;1
1505;104/2024;2024_104_152;tuki;1
1505;104/2024;2024_104_152;tukiopetukseen;1
1505;104/2024;2024_104_152;tukiopetuksena;1
1505;104/2024;2024_104_152;tulee;1
1505;104/2024;2024_104_152;tulisi;1
1505;104/2024;2024_104_152;tuottaa;1
1505;104/2024;2024_104_152;tutkimusta;1
1505;104/2024;2024_104_152;tutkimusympyröissä;1
1505;104/2024;2024_104_152;tämä;3
1505;104/2024;2024_104_152;tämän;1
1505;104/2024;2024_104_152;tärkeä;1
1505;104/2024;2024_104_152;tärkeässä;1
1505;104/2024;2024_104_152;tärkeää;1
1505;104/2024;2024_104_152;täällä;1
1505;104/2024;2024_104_152;uudistuksen;1
1505;104/2024;2024_104_152;uudistuksista;1
1505;104/2024;2024_104_152;vahvasti;2
1505;104/2024;2024_104_152;vahvistaa;2
1505;104/2024;2024_104_152;vahvistettaisiin;1
1505;104/2024;2024_104_152;valmistumista;1
1505;104/2024;2024_104_152;valtakunnallinen;1
1505;104/2024;2024_104_152;varmistaa;1
1505;104/2024;2024_104_152;viidestä;1
1505;104/2024;2024_104_152;viime;1
1505;104/2024;2024_104_152;voimassa;1
1505;104/2024;2024_104_152;voisi;1
1505;104/2024;2024_104_152;vuosina;1
1505;104/2024;2024_104_152;välillä;1
1505;104/2024;2024_104_152;yhden;2
1505;104/2024;2024_104_152;yleissivistys;1
1505;104/2024;2024_104_152;ylioppilaskokeen;1
1505;104/2024;2024_104_152;ylioppilaskokeessa;1
1505;104/2024;2024_104_152;ylioppilaskokeesta;1
1505;104/2024;2024_104_152;ylioppilastutkinnon;1
1505;104/2024;2024_104_152;ylioppilastutkinto;1
1505;104/2024;2024_104_152;ylioppilastutkintoa;1
1505;104/2024;2024_104_152;ylioppilastutkintolakiin;1
1505;104/2024;2024_104_152;ylioppilastutkintoon;1
1505;106/2024;2024_106_186;aiheuttavat;1
1505;106/2024;2024_106_186;aikaisemmin;1
1505;106/2024;2024_106_186;ammattikorkeakouluilla;1
1505;106/2024;2024_106_186;ammattikorkeakouluissa;1
1505;106/2024;2024_106_186;ammattikorkeakoululle;1
1505;106/2024;2024_106_186;ammattikorkeakoulusta;1
1505;106/2024;2024_106_186;arvoisa;1
1505;106/2024;2024_106_186;ehdotetut;1
1505;106/2024;2024_106_186;ehkäisemiseen;1
1505;106/2024;2024_106_186;erityisesti;2
1505;106/2024;2024_106_186;esitetty;1
1505;106/2024;2024_106_186;esityksen;1
1505;106/2024;2024_106_186;eta-alueen;1
1505;106/2024;2024_106_186;että;1
1505;106/2024;2024_106_186;eu;1
1505;106/2024;2024_106_186;hakemuksia;1
1505;106/2024;2024_106_186;hakemusmaksuihin;1
1505;106/2024;2024_106_186;hakemusten;1
1505;106/2024;2024_106_186;hakeutuvat;1
1505;106/2024;2024_106_186;hakevat;1
1505;106/2024;2024_106_186;hakijoita;1
1505;106/2024;2024_106_186;hallituksen;1
1505;106/2024;2024_106_186;hankalaksi;1
1505;106/2024;2024_106_186;havaittu;1
1505;106/2024;2024_106_186;hetkellä;1
1505;106/2024;2024_106_186;huomattavan;1
1505;106/2024;2024_106_186;ihan;1
1505;106/2024;2024_106_186;itsellänikin;1
1505;106/2024;2024_106_186;ja;6
1505;106/2024;2024_106_186;jo;1
1505;106/2024;2024_106_186;jonkinlaista;1
1505;106/2024;2024_106_186;jos;1
1505;106/2024;2024_106_186;jotka;1
1505;106/2024;2024_106_186;jotta;1
1505;106/2024;2024_106_186;joudutaan;1
1505;106/2024;2024_106_186;julkinen;1
1505;106/2024;2024_106_186;juuri;1
1505;106/2024;2024_106_186;kaiken;1
1505;106/2024;2024_106_186;kannatettavia;1
1505;106/2024;2024_106_186;kansalliseen;1
1505;106/2024;2024_106_186;kasvava;1
1505;106/2024;2024_106_186;keskeiset;1
1505;106/2024;2024_106_186;keskeisten;1
1505;106/2024;2024_106_186;kesken;1
1505;106/2024;2024_106_186;kiertämisen;1
1505;106/2024;2024_106_186;kiitos;1
1505;106/2024;2024_106_186;kohdistuisi;1
1505;106/2024;2024_106_186;korkeakouluilla;1
1505;106/2024;2024_106_186;korkeakouluille;1
1505;106/2024;2024_106_186;korkeakoulujen;1
1505;106/2024;2024_106_186;korkeakoulut;1
1505;106/2024;2024_106_186;koska;1
1505;106/2024;2024_106_186;koulutukseen;1
1505;106/2024;2024_106_186;koulutuksen;1
1505;106/2024;2024_106_186;koulutuspaikkoihin;1
1505;106/2024;2024_106_186;koulutustason;1
1505;106/2024;2024_106_186;kuitenkin;1
1505;106/2024;2024_106_186;kun;1
1505;106/2024;2024_106_186;kuten;2
1505;106/2024;2024_106_186;kyllä;2
1505;106/2024;2024_106_186;käsittelevät;1
1505;106/2024;2024_106_186;käytäntöä;1
1505;106/2024;2024_106_186;laitettaisiinkin;1
1505;106/2024;2024_106_186;lisää;1
1505;106/2024;2024_106_186;lisääntyvässä;1
1505;106/2024;2024_106_186;lukuvuosimaksuihin;1
1505;106/2024;2024_106_186;lukuvuosimaksujen;1
1505;106/2024;2024_106_186;lyhyesti;1
1505;106/2024;2024_106_186;maahan;1
1505;106/2024;2024_106_186;maassaololupa;1
1505;106/2024;2024_106_186;maksuja;1
1505;106/2024;2024_106_186;meillä;1
1505;106/2024;2024_106_186;minkälaista;1
1505;106/2024;2024_106_186;mutta;1
1505;106/2024;2024_106_186;muuta;1
1505;106/2024;2024_106_186;muutokset;2
1505;106/2024;2024_106_186;muuttuu;1
1505;106/2024;2024_106_186;myös;1
1505;106/2024;2024_106_186;määrin;1
1505;106/2024;2024_106_186;määrän;2
1505;106/2024;2024_106_186;niin;1
1505;106/2024;2024_106_186;nopeasti;1
1505;106/2024;2024_106_186;norjan;1
1505;106/2024;2024_106_186;nostoon;1
1505;106/2024;2024_106_186;nykyistä;1
1505;106/2024;2024_106_186;nähden;1
1505;106/2024;2024_106_186;näihin;1
1505;106/2024;2024_106_186;näitä;1
1505;106/2024;2024_106_186;nämä;1
1505;106/2024;2024_106_186;oleskelulupaa;2
1505;106/2024;2024_106_186;oleskelun;1
1505;106/2024;2024_106_186;oleviin;1
1505;106/2024;2024_106_186;ollut;1
1505;106/2024;2024_106_186;on;7
1505;106/2024;2024_106_186;ongelma;1
1505;106/2024;2024_106_186;opinnon;1
1505;106/2024;2024_106_186;opintotarjontaa;1
1505;106/2024;2024_106_186;opiskelemaan;1
1505;106/2024;2024_106_186;opiskelijan;1
1505;106/2024;2024_106_186;opiskelijoista;1
1505;106/2024;2024_106_186;opiskelijoita;1
1505;106/2024;2024_106_186;osoittautunut;1
1505;106/2024;2024_106_186;ovat;2
1505;106/2024;2024_106_186;perusteiden;1
1505;106/2024;2024_106_186;perusteltua;1
1505;106/2024;2024_106_186;perusteltuja;1
1505;106/2024;2024_106_186;puhemies;1
1505;106/2024;2024_106_186;rahoitus;1
1505;106/2024;2024_106_186;rajoittaminen;1
1505;106/2024;2024_106_186;ratkaisu;1
1505;106/2024;2024_106_186;resurssit;1
1505;106/2024;2024_106_186;riittää;1
1505;106/2024;2024_106_186;ruotsin;1
1505;106/2024;2024_106_186;selkeämmin;1
1505;106/2024;2024_106_186;selkeästi;1
1505;106/2024;2024_106_186;selvittämisessä;1
1505;106/2024;2024_106_186;sen;1
1505;106/2024;2024_106_186;siihen;1
1505;106/2024;2024_106_186;siirtymisestä;1
1505;106/2024;2024_106_186;sisällöt;1
1505;106/2024;2024_106_186;sitten;1
1505;106/2024;2024_106_186;tanskan;1
1505;106/2024;2024_106_186;tappiota;1
1505;106/2024;2024_106_186;tarjolla;1
1505;106/2024;2024_106_186;tarkoituksenmukaisia;1
1505;106/2024;2024_106_186;tarpeellista;1
1505;106/2024;2024_106_186;taustaa;1
1505;106/2024;2024_106_186;tehdään;1
1505;106/2024;2024_106_186;todettiin;1
1505;106/2024;2024_106_186;tuottaa;1
1505;106/2024;2024_106_186;tuottamiseen;1
1505;106/2024;2024_106_186;työmäärän;1
1505;106/2024;2024_106_186;työntekijän;1
1505;106/2024;2024_106_186;työtä;1
1505;106/2024;2024_106_186;tällä;1
1505;106/2024;2024_106_186;tämä;3
1505;106/2024;2024_106_186;tämän;1
1505;106/2024;2024_106_186;tätä;1
1505;106/2024;2024_106_186;täyskatteellisuus;1
1505;106/2024;2024_106_186;täyskatteisiin;1
1505;106/2024;2024_106_186;täällä;1
1505;106/2024;2024_106_186;ulkopuolelta;1
1505;106/2024;2024_106_186;useimmiten;1
1505;106/2024;2024_106_186;vaikka;1
1505;106/2024;2024_106_186;valittaessa;1
1505;106/2024;2024_106_186;varaamaan;1
1505;106/2024;2024_106_186;vastaa;1
1505;106/2024;2024_106_186;verrokkimaiden;1
1505;106/2024;2024_106_186;vieraskieliseen;1
1505;106/2024;2024_106_186;voimaan;1
1505;106/2024;2024_106_186;vähentämiseksi;1
1505;12/2024;2024_12_65;aika;1
1505;12/2024;2024_12_65;arvoisa;1
1505;12/2024;2024_12_65;asiaa;1
1505;12/2024;2024_12_65;edellä;1
1505;12/2024;2024_12_65;ei;1
1505;12/2024;2024_12_65;elinkeino;1
1505;12/2024;2024_12_65;en;1
1505;12/2024;2024_12_65;esitys;1
1505;12/2024;2024_12_65;että;4
1505;12/2024;2024_12_65;hallitusohjelmaan;1
1505;12/2024;2024_12_65;huomiota;1
1505;12/2024;2024_12_65;ihan;1
1505;12/2024;2024_12_65;itse;1
1505;12/2024;2024_12_65;ja;5
1505;12/2024;2024_12_65;kalastuslaki;1
1505;12/2024;2024_12_65;kalastusoikeuksien;1
1505;12/2024;2024_12_65;katsotaan;1
1505;12/2024;2024_12_65;keskityn;1
1505;12/2024;2024_12_65;kiinnitetään;1
1505;12/2024;2024_12_65;kiinteistöihin;1
1505;12/2024;2024_12_65;kiitoksia;1
1505;12/2024;2024_12_65;kirjattu;1
1505;12/2024;2024_12_65;kohtaan;1
1505;12/2024;2024_12_65;kokonaisuudessaan;1
1505;12/2024;2024_12_65;kulttuuritausta;1
1505;12/2024;2024_12_65;kun;2
1505;12/2024;2024_12_65;kuten;1
1505;12/2024;2024_12_65;kyseinen;1
1505;12/2024;2024_12_65;lausunnot;1
1505;12/2024;2024_12_65;liittyvien;1
1505;12/2024;2024_12_65;lohikiintiöt;1
1505;12/2024;2024_12_65;mainittu;1
1505;12/2024;2024_12_65;matkailu;1
1505;12/2024;2024_12_65;menisivät;1
1505;12/2024;2024_12_65;minä;1
1505;12/2024;2024_12_65;monitahoinen;1
1505;12/2024;2024_12_65;mukaisesti;1
1505;12/2024;2024_12_65;mutta;1
1505;12/2024;2024_12_65;muuta;1
1505;12/2024;2024_12_65;myös;1
1505;12/2024;2024_12_65;nykyiseen;1
1505;12/2024;2024_12_65;nämä;1
1505;12/2024;2024_12_65;ole;1
1505;12/2024;2024_12_65;omaisuuden;2
1505;12/2024;2024_12_65;on;3
1505;12/2024;2024_12_65;onko;1
1505;12/2024;2024_12_65;ovat;1
1505;12/2024;2024_12_65;perustuslain;1
1505;12/2024;2024_12_65;puhemies;1
1505;12/2024;2024_12_65;pyytäisin;1
1505;12/2024;2024_12_65;roolissa;1
1505;12/2024;2024_12_65;siellä;1
1505;12/2024;2024_12_65;sitten;2
1505;12/2024;2024_12_65;suojaa;2
1505;12/2024;2024_12_65;tarkastellaan;1
1505;12/2024;2024_12_65;tenojoen;1
1505;12/2024;2024_12_65;tuohon;1
1505;12/2024;2024_12_65;tähän;1
1505;12/2024;2024_12_65;tämä;2
1505;12/2024;2024_12_65;tärkeässä;1
1505;12/2024;2024_12_65;tätä;2
1505;12/2024;2024_12_65;vahvistamassa;1
1505;12/2024;2024_12_65;vahvistetaan;1
1505;12/2024;2024_12_65;valiokunnissa;2
1505;12/2024;2024_12_65;varma;1
1505;126/2024;2024_126_80;aiheuttamiin;1
1505;126/2024;2024_126_80;aina;1
1505;126/2024;2024_126_80;ajattelin;1
1505;126/2024;2024_126_80;arvoisa;1
1505;126/2024;2024_126_80;ehkä;1
1505;126/2024;2024_126_80;ei;1
1505;126/2024;2024_126_80;haasteisiin;1
1505;126/2024;2024_126_80;helposti;1
1505;126/2024;2024_126_80;hitaasti;1
1505;126/2024;2024_126_80;huoltovarmuusnäkökulmastakin;1
1505;126/2024;2024_126_80;huomioitava;1
1505;126/2024;2024_126_80;ilmastonmuutoksen;1
1505;126/2024;2024_126_80;ja;6
1505;126/2024;2024_126_80;jo;1
1505;126/2024;2024_126_80;juuri;1
1505;126/2024;2024_126_80;katseita;1
1505;126/2024;2024_126_80;kestävää;1
1505;126/2024;2024_126_80;kiitos;1
1505;126/2024;2024_126_80;kommentin;1
1505;126/2024;2024_126_80;koske;1
1505;126/2024;2024_126_80;kun;1
1505;126/2024;2024_126_80;kuormitusvaihteluun;1
1505;126/2024;2024_126_80;kustannustehokkuus;1
1505;126/2024;2024_126_80;lakiesitys;1
1505;126/2024;2024_126_80;luodaan;1
1505;126/2024;2024_126_80;lyhyen;1
1505;126/2024;2024_126_80;maa;3
1505;126/2024;2024_126_80;meidän;1
1505;126/2024;2024_126_80;metsätalouteen;1
1505;126/2024;2024_126_80;metsätaloutta;2
1505;126/2024;2024_126_80;mutta;2
1505;126/2024;2024_126_80;muutamassa;1
1505;126/2024;2024_126_80;myös;1
1505;126/2024;2024_126_80;niin;1
1505;126/2024;2024_126_80;nyt;1
1505;126/2024;2024_126_80;näkyvät;1
1505;126/2024;2024_126_80;olennainen;1
1505;126/2024;2024_126_80;on;2
1505;126/2024;2024_126_80;osa;1
1505;126/2024;2024_126_80;peittyvät;1
1505;126/2024;2024_126_80;puheenvuorossa;1
1505;126/2024;2024_126_80;puhemies;1
1505;126/2024;2024_126_80;rouva;1
1505;126/2024;2024_126_80;sektoria;1
1505;126/2024;2024_126_80;sekä;1
1505;126/2024;2024_126_80;sitä;1
1505;126/2024;2024_126_80;sivuttiin;1
1505;126/2024;2024_126_80;suoranaisesti;1
1505;126/2024;2024_126_80;suureen;1
1505;126/2024;2024_126_80;tehdään;1
1505;126/2024;2024_126_80;tuoda;1
1505;126/2024;2024_126_80;tuotantokyvyn;1
1505;126/2024;2024_126_80;tähän;1
1505;126/2024;2024_126_80;tässä;1
1505;126/2024;2024_126_80;tätä;1
1505;126/2024;2024_126_80;vaikka;1
1505;126/2024;2024_126_80;vaikutukset;1
1505;126/2024;2024_126_80;vastuullisesti;1
1505;126/2024;2024_126_80;vesiensuojelu;1
1505;126/2024;2024_126_80;vesistöissä;1
1505;126/2024;2024_126_80;vuosien;1
1505;126/2024;2024_126_80;väliseen;1
1505;126/2024;2024_126_80;ylläpito;1
1505;128/2024;2024_128_268;aikana;1
1505;128/2024;2024_128_268;aikojen;1
1505;128/2024;2024_128_268;aina;1
1505;128/2024;2024_128_268;ainoastaan;1
1505;128/2024;2024_128_268;ajallaan;1
1505;128/2024;2024_128_268;alueelliset;1
1505;128/2024;2024_128_268;ansainta-ajankohdalla;1
1505;128/2024;2024_128_268;arvoisa;1
1505;128/2024;2024_128_268;asuivat;1
1505;128/2024;2024_128_268;asumiskustannuksiaan;1
1505;128/2024;2024_128_268;asumiskustannuserot;1
1505;128/2024;2024_128_268;asumislisän;3
1505;128/2024;2024_128_268;asumislisää;1
1505;128/2024;2024_128_268;asumismenojen;1
1505;128/2024;2024_128_268;asumistuen;6
1505;128/2024;2024_128_268;asunnoissa;1
1505;128/2024;2024_128_268;asunnossa;1
1505;128/2024;2024_128_268;asuvien;2
1505;128/2024;2024_128_268;edellyttää;1
1505;128/2024;2024_128_268;edistymistä;1
1505;128/2024;2024_128_268;edullisemmissa;1
1505;128/2024;2024_128_268;ei;1
1505;128/2024;2024_128_268;eikä;1
1505;128/2024;2024_128_268;elin;1
1505;128/2024;2024_128_268;elämänvaihe;1
1505;128/2024;2024_128_268;enintään;1
1505;128/2024;2024_128_268;ennen;1
1505;128/2024;2024_128_268;esimerkiksi;1
1505;128/2024;2024_128_268;esitetty;1
1505;128/2024;2024_128_268;että;2
1505;128/2024;2024_128_268;etuusasiointia;1
1505;128/2024;2024_128_268;hakemisessa;1
1505;128/2024;2024_128_268;hallitusohjelmaan;1
1505;128/2024;2024_128_268;havaittiin;1
1505;128/2024;2024_128_268;hieman;1
1505;128/2024;2024_128_268;houkutteleva;1
1505;128/2024;2024_128_268;huomioitaisiin;1
1505;128/2024;2024_128_268;ilmoittamisessa;1
1505;128/2024;2024_128_268;ilta;1
1505;128/2024;2024_128_268;ja;8
1505;128/2024;2024_128_268;jatkossa;1
1505;128/2024;2024_128_268;jonka;1
1505;128/2024;2024_128_268;jos;1
1505;128/2024;2024_128_268;joten;1
1505;128/2024;2024_128_268;jälkeen;2
1505;128/2024;2024_128_268;kahdeksan;1
1505;128/2024;2024_128_268;kannattavaa;1
1505;128/2024;2024_128_268;kasvanut;1
1505;128/2024;2024_128_268;kattaa;1
1505;128/2024;2024_128_268;kautta;2
1505;128/2024;2024_128_268;kehitetään;1
1505;128/2024;2024_128_268;kehitykseen;1
1505;128/2024;2024_128_268;keskimäärin;1
1505;128/2024;2024_128_268;keskimääräisesti;1
1505;128/2024;2024_128_268;kesäopintojen;1
1505;128/2024;2024_128_268;kesätöitä;1
1505;128/2024;2024_128_268;kiitos;1
1505;128/2024;2024_128_268;koko;1
1505;128/2024;2024_128_268;korkeammilla;1
1505;128/2024;2024_128_268;koska;1
1505;128/2024;2024_128_268;kuin;2
1505;128/2024;2024_128_268;kun;1
1505;128/2024;2024_128_268;kuukausivuokrasta;1
1505;128/2024;2024_128_268;kyse;1
1505;128/2024;2024_128_268;liittyy;1
1505;128/2024;2024_128_268;lisäksi;1
1505;128/2024;2024_128_268;mahdollista;1
1505;128/2024;2024_128_268;mahdollisuus;1
1505;128/2024;2024_128_268;merkitystä;1
1505;128/2024;2024_128_268;muiden;1
1505;128/2024;2024_128_268;mukaan;1
1505;128/2024;2024_128_268;muutoksista;1
1505;128/2024;2024_128_268;muutos;1
1505;128/2024;2024_128_268;myös;3
1505;128/2024;2024_128_268;myötä;1
1505;128/2024;2024_128_268;määrä;2
1505;128/2024;2024_128_268;määrään;1
1505;128/2024;2024_128_268;nimittäin;1
1505;128/2024;2024_128_268;noudattaa;1
1505;128/2024;2024_128_268;nousseet;1
1505;128/2024;2024_128_268;nyt;1
1505;128/2024;2024_128_268;näin;1
1505;128/2024;2024_128_268;ohessa;1
1505;128/2024;2024_128_268;ole;1
1505;128/2024;2024_128_268;olisi;3
1505;128/2024;2024_128_268;olla;1
1505;128/2024;2024_128_268;ollen;1
1505;128/2024;2024_128_268;ollut;1
1505;128/2024;2024_128_268;on;5
1505;128/2024;2024_128_268;opintojen;3
1505;128/2024;2024_128_268;opintopistekertymä;1
1505;128/2024;2024_128_268;opintosuoritevelvoite;1
1505;128/2024;2024_128_268;opintotuen;1
1505;128/2024;2024_128_268;opintotuesta;1
1505;128/2024;2024_128_268;opiskelijalla;1
1505;128/2024;2024_128_268;opiskelijan;2
1505;128/2024;2024_128_268;opiskelijat;3
1505;128/2024;2024_128_268;opiskelijoiden;3
1505;128/2024;2024_128_268;opiskelu;1
1505;128/2024;2024_128_268;opiskelukuukausilta;1
1505;128/2024;2024_128_268;osa;1
1505;128/2024;2024_128_268;ovat;2
1505;128/2024;2024_128_268;painopistettä;1
1505;128/2024;2024_128_268;paluu;1
1505;128/2024;2024_128_268;piiriin;2
1505;128/2024;2024_128_268;piirissä;1
1505;128/2024;2024_128_268;poistunut;1
1505;128/2024;2024_128_268;prosenttia;2
1505;128/2024;2024_128_268;puhemies;1
1505;128/2024;2024_128_268;pystyy;1
1505;128/2024;2024_128_268;rinnalle;1
1505;128/2024;2024_128_268;saada;1
1505;128/2024;2024_128_268;saajat;1
1505;128/2024;2024_128_268;saaminen;1
1505;128/2024;2024_128_268;samalla;1
1505;128/2024;2024_128_268;samassa;1
1505;128/2024;2024_128_268;sekä;1
1505;128/2024;2024_128_268;selkeyttää;1
1505;128/2024;2024_128_268;selkeämpää;1
1505;128/2024;2024_128_268;sen;1
1505;128/2024;2024_128_268;siinä;1
1505;128/2024;2024_128_268;siirtyivät;1
1505;128/2024;2024_128_268;siirtymistä;1
1505;128/2024;2024_128_268;siis;1
1505;128/2024;2024_128_268;suosiva;1
1505;128/2024;2024_128_268;tai;1
1505;128/2024;2024_128_268;taloudellisesti;1
1505;128/2024;2024_128_268;tapahtuu;1
1505;128/2024;2024_128_268;tarvitsee;1
1505;128/2024;2024_128_268;tehneet;1
1505;128/2024;2024_128_268;tehtävä;1
1505;128/2024;2024_128_268;tekemään;1
1505;128/2024;2024_128_268;tilapäinen;1
1505;128/2024;2024_128_268;toimeentulon;1
1505;128/2024;2024_128_268;tuen;1
1505;128/2024;2024_128_268;tukeminen;1
1505;128/2024;2024_128_268;tukemiseen;1
1505;128/2024;2024_128_268;tukien;1
1505;128/2024;2024_128_268;tukijärjestelmää;1
1505;128/2024;2024_128_268;tuleekin;1
1505;128/2024;2024_128_268;tuloilla;1
1505;128/2024;2024_128_268;tulojen;1
1505;128/2024;2024_128_268;tulorajaa;1
1505;128/2024;2024_128_268;tulorajoissa;1
1505;128/2024;2024_128_268;tulot;1
1505;128/2024;2024_128_268;tutkimuksessa;1
1505;128/2024;2024_128_268;tutkimuskeskuksessa;1
1505;128/2024;2024_128_268;työnteon;1
1505;128/2024;2024_128_268;tähän;1
1505;128/2024;2024_128_268;töitä;1
1505;128/2024;2024_128_268;uudistuksen;2
1505;128/2024;2024_128_268;uudistus;1
1505;128/2024;2024_128_268;vaihtoehto;1
1505;128/2024;2024_128_268;vaikuttaisi;1
1505;128/2024;2024_128_268;vaikutti;1
1505;128/2024;2024_128_268;vain;2
1505;128/2024;2024_128_268;valmistumista;1
1505;128/2024;2024_128_268;valtiontalouden;1
1505;128/2024;2024_128_268;vie;1
1505;128/2024;2024_128_268;viikonlopputöitä;1
1505;128/2024;2024_128_268;viimeisen;1
1505;128/2024;2024_128_268;voisi;1
1505;128/2024;2024_128_268;vuoden;2
1505;128/2024;2024_128_268;vuokrat;1
1505;128/2024;2024_128_268;väheni;1
1505;128/2024;2024_128_268;vähentyneen;1
1505;128/2024;2024_128_268;yhteisasumista;1
1505;128/2024;2024_128_268;yhtä;1
1505;128/2024;2024_128_268;yksin;1
1505;128/2024;2024_128_268;yksinkertaistaa;1
1505;128/2024;2024_128_268;yleisen;5
1505;128/2024;2024_128_268;yli;1
1505;128/2024;2024_128_276;arvoisa;1
1505;128/2024;2024_128_276;enemmistö;1
1505;128/2024;2024_128_276;että;2
1505;128/2024;2024_128_276;harvoin;1
1505;128/2024;2024_128_276;helpottaa;1
1505;128/2024;2024_128_276;hyödyllisenä;1
1505;128/2024;2024_128_276;ja;1
1505;128/2024;2024_128_276;joissa;1
1505;128/2024;2024_128_276;jälkeen;1
1505;128/2024;2024_128_276;kannalta;1
1505;128/2024;2024_128_276;kiitos;1
1505;128/2024;2024_128_276;kuin;1
1505;128/2024;2024_128_276;kuitenkaan;1
1505;128/2024;2024_128_276;kuitenkin;1
1505;128/2024;2024_128_276;mainittiin;1
1505;128/2024;2024_128_276;monia;1
1505;128/2024;2024_128_276;muitakin;1
1505;128/2024;2024_128_276;mutta;1
1505;128/2024;2024_128_276;myöhemmän;1
1505;128/2024;2024_128_276;myös;1
1505;128/2024;2024_128_276;on;3
1505;128/2024;2024_128_276;opintojen;2
1505;128/2024;2024_128_276;opiskeluaikaista;1
1505;128/2024;2024_128_276;perimmäinen;1
1505;128/2024;2024_128_276;pitää;1
1505;128/2024;2024_128_276;puhemies;1
1505;128/2024;2024_128_276;se;2
1505;128/2024;2024_128_276;siirtymistä;1
1505;128/2024;2024_128_276;sitä;1
1505;128/2024;2024_128_276;syitä;1
1505;128/2024;2024_128_276;syy;1
1505;128/2024;2024_128_276;todetaan;1
1505;128/2024;2024_128_276;tutkimuksia;1
1505;128/2024;2024_128_276;työelämään;1
1505;128/2024;2024_128_276;työssäkäynti;3
1505;128/2024;2024_128_276;työtä;1
1505;128/2024;2024_128_276;työuran;1
1505;128/2024;2024_128_276;täällä;1
1505;128/2024;2024_128_276;valmistumista;1
1505;128/2024;2024_128_276;viivästymiseen;1
1505;128/2024;2024_128_276;viivästyttää;1
1505;128/2024;2024_128_373;aiheutuuko;1
1505;128/2024;2024_128_373;alueilla;1
1505;128/2024;2024_128_373;arvoisa;1
1505;128/2024;2024_128_373;edustaja;1
1505;128/2024;2024_128_373;esille;1
1505;128/2024;2024_128_373;esittelyssä;1
1505;128/2024;2024_128_373;että;1
1505;128/2024;2024_128_373;haittaa;1
1505;128/2024;2024_128_373;hienosta;1
1505;128/2024;2024_128_373;huolehtivat;1
1505;128/2024;2024_128_373;huomioida;1
1505;128/2024;2024_128_373;hyvien;1
1505;128/2024;2024_128_373;ja;5
1505;128/2024;2024_128_373;jokaisen;2
1505;128/2024;2024_128_373;jossain;1
1505;128/2024;2024_128_373;kaupallisen;2
1505;128/2024;2024_128_373;kaupallisesta;1
1505;128/2024;2024_128_373;kiitos;2
1505;128/2024;2024_128_373;koulutuksesta;1
1505;128/2024;2024_128_373;kuten;1
1505;128/2024;2024_128_373;käytäntöjen;1
1505;128/2024;2024_128_373;laajuus;1
1505;128/2024;2024_128_373;luonnolle;1
1505;128/2024;2024_128_373;maa;1
1505;128/2024;2024_128_373;maankäytölle;1
1505;128/2024;2024_128_373;maanomistajalle;1
1505;128/2024;2024_128_373;mainitsikin;1
1505;128/2024;2024_128_373;marjan;1
1505;128/2024;2024_128_373;marjanpoiminnan;1
1505;128/2024;2024_128_373;metsätalousvaliokunnan;1
1505;128/2024;2024_128_373;mietinnössä;1
1505;128/2024;2024_128_373;mukaisesti;1
1505;128/2024;2024_128_373;myös;1
1505;128/2024;2024_128_373;ohjatun;1
1505;128/2024;2024_128_373;oikeuden;1
1505;128/2024;2024_128_373;oikeuksien;1
1505;128/2024;2024_128_373;omistamilla;1
1505;128/2024;2024_128_373;on;1
1505;128/2024;2024_128_373;onkin;1
1505;128/2024;2024_128_373;otimme;1
1505;128/2024;2024_128_373;puheenjohtaja;1
1505;128/2024;2024_128_373;puheesta;1
1505;128/2024;2024_128_373;puhemies;1
1505;128/2024;2024_128_373;puolesta;1
1505;128/2024;2024_128_373;rajat;1
1505;128/2024;2024_128_373;rajoihin;1
1505;128/2024;2024_128_373;saattaa;1
1505;128/2024;2024_128_373;strandmanille;1
1505;128/2024;2024_128_373;suomalaisen;1
1505;128/2024;2024_128_373;tai;1
1505;128/2024;2024_128_373;tasa-arvovaliokunnan;1
1505;128/2024;2024_128_373;tilanteessa;1
1505;128/2024;2024_128_373;toiminnan;1
1505;128/2024;2024_128_373;toiminnasta;2
1505;128/2024;2024_128_373;toisen;1
1505;128/2024;2024_128_373;työelämä;1
1505;128/2024;2024_128_373;työnantajat;1
1505;128/2024;2024_128_373;työntekijöidensä;1
1505;128/2024;2024_128_373;tärkeä;1
1505;128/2024;2024_128_373;tärkeää;1
1505;128/2024;2024_128_373;vaikutukset;1
1505;128/2024;2024_128_373;ylittää;1
1505;128/2024;2024_128_381;aikaisessa;1
1505;128/2024;2024_128_381;aikavälillä;1
1505;128/2024;2024_128_381;annetaan;1
1505;128/2024;2024_128_381;annettaisiin;1
1505;128/2024;2024_128_381;annetuilla;1
1505;128/2024;2024_128_381;antaman;1
1505;128/2024;2024_128_381;arvioinnin;2
1505;128/2024;2024_128_381;arviointiin;1
1505;128/2024;2024_128_381;arvoisa;1
1505;128/2024;2024_128_381;asiakirjojen;1
1505;128/2024;2024_128_381;asuinpaikasta;1
1505;128/2024;2024_128_381;avustajapalvelut;1
1505;128/2024;2024_128_381;dokumentointi;1
1505;128/2024;2024_128_381;ehtivät;1
1505;128/2024;2024_128_381;ei;1
1505;128/2024;2024_128_381;ensisijaisesti;1
1505;128/2024;2024_128_381;epäselväksi;1
1505;128/2024;2024_128_381;erityisluokanopettajan;1
1505;128/2024;2024_128_381;erityisluokassa;1
1505;128/2024;2024_128_381;erityisluokkaopetukseen;1
1505;128/2024;2024_128_381;erityisopettajan;1
1505;128/2024;2024_128_381;ero;1
1505;128/2024;2024_128_381;että;4
1505;128/2024;2024_128_381;etukäteisesti;1
1505;128/2024;2024_128_381;hallinnollisen;1
1505;128/2024;2024_128_381;hallintopäätös;1
1505;128/2024;2024_128_381;henkilökunnan;1
1505;128/2024;2024_128_381;hänen;1
1505;128/2024;2024_128_381;ja;17
1505;128/2024;2024_128_381;joihin;1
1505;128/2024;2024_128_381;joilla;1
1505;128/2024;2024_128_381;jokapäiväistä;1
1505;128/2024;2024_128_381;jotka;1
1505;128/2024;2024_128_381;järjestelmä;1
1505;128/2024;2024_128_381;kaikilla;1
1505;128/2024;2024_128_381;kaikkialla;1
1505;128/2024;2024_128_381;kannatettava;1
1505;128/2024;2024_128_381;kasaantua;1
1505;128/2024;2024_128_381;kevenee;1
1505;128/2024;2024_128_381;kiitos;1
1505;128/2024;2024_128_381;koettu;1
1505;128/2024;2024_128_381;kohdentuvatkin;1
1505;128/2024;2024_128_381;kokonaan;1
1505;128/2024;2024_128_381;kokonaisuudessaan;1
1505;128/2024;2024_128_381;konkreettisiin;1
1505;128/2024;2024_128_381;korjaaviin;1
1505;128/2024;2024_128_381;korvaa;1
1505;128/2024;2024_128_381;koska;1
1505;128/2024;2024_128_381;kouluille;1
1505;128/2024;2024_128_381;kouluissa;1
1505;128/2024;2024_128_381;koulunkäynnin;1
1505;128/2024;2024_128_381;koulusta;1
1505;128/2024;2024_128_381;kuitenkin;1
1505;128/2024;2024_128_381;kynnyksellä;1
1505;128/2024;2024_128_381;lain;1
1505;128/2024;2024_128_381;lakiesitys;1
1505;128/2024;2024_128_381;lakiuudistuksen;1
1505;128/2024;2024_128_381;lakiuudistuksistamme;1
1505;128/2024;2024_128_381;lisäksi;1
1505;128/2024;2024_128_381;luokkaopetusta;1
1505;128/2024;2024_128_381;lähtökohtaisesti;1
1505;128/2024;2024_128_381;lähtökohtana;1
1505;128/2024;2024_128_381;mahdollisimman;1
1505;128/2024;2024_128_381;matalalla;1
1505;128/2024;2024_128_381;mikäli;1
1505;128/2024;2024_128_381;mukaisesti;1
1505;128/2024;2024_128_381;myös;1
1505;128/2024;2024_128_381;määrä;1
1505;128/2024;2024_128_381;neljästä;1
1505;128/2024;2024_128_381;niin;1
1505;128/2024;2024_128_381;nykyinen;1
1505;128/2024;2024_128_381;nykyisestä;1
1505;128/2024;2024_128_381;nykyisin;1
1505;128/2024;2024_128_381;nyt;1
1505;128/2024;2024_128_381;näihin;1
1505;128/2024;2024_128_381;näin;1
1505;128/2024;2024_128_381;oikeus;4
1505;128/2024;2024_128_381;oikeutta;1
1505;128/2024;2024_128_381;olisi;1
1505;128/2024;2024_128_381;olisivat;1
1505;128/2024;2024_128_381;olleet;1
1505;128/2024;2024_128_381;on;9
1505;128/2024;2024_128_381;ongelmat;1
1505;128/2024;2024_128_381;opetuksen;1
1505;128/2024;2024_128_381;opetussuunnitelman;1
1505;128/2024;2024_128_381;opetusta;1
1505;128/2024;2024_128_381;oppilaalla;2
1505;128/2024;2024_128_381;oppilaalle;2
1505;128/2024;2024_128_381;oppilaan;1
1505;128/2024;2024_128_381;oppilaiden;1
1505;128/2024;2024_128_381;oppilailla;1
1505;128/2024;2024_128_381;oppilas;1
1505;128/2024;2024_128_381;oppilaskohtaiset;1
1505;128/2024;2024_128_381;oppilaskohtaisia;2
1505;128/2024;2024_128_381;oppilasta;1
1505;128/2024;2024_128_381;oppimiseensa;1
1505;128/2024;2024_128_381;oppimisvaikeudet;1
1505;128/2024;2024_128_381;oppimäärän;1
1505;128/2024;2024_128_381;osana;1
1505;128/2024;2024_128_381;osin;1
1505;128/2024;2024_128_381;osittain;1
1505;128/2024;2024_128_381;ovat;1
1505;128/2024;2024_128_381;pedagogisten;1
1505;128/2024;2024_128_381;perusopetuksen;1
1505;128/2024;2024_128_381;perusteella;1
1505;128/2024;2024_128_381;perustuva;1
1505;128/2024;2024_128_381;pienryhmä;1
1505;128/2024;2024_128_381;pienryhmäopetukseen;1
1505;128/2024;2024_128_381;pienryhmässä;1
1505;128/2024;2024_128_381;pitkällä;1
1505;128/2024;2024_128_381;pitkään;1
1505;128/2024;2024_128_381;portaista;1
1505;128/2024;2024_128_381;puhemies;1
1505;128/2024;2024_128_381;resursseja;1
1505;128/2024;2024_128_381;resurssit;2
1505;128/2024;2024_128_381;riippumatta;1
1505;128/2024;2024_128_381;riittämättömiä;1
1505;128/2024;2024_128_381;riittävästi;1
1505;128/2024;2024_128_381;riittävät;1
1505;128/2024;2024_128_381;ryhmäkohtaiset;1
1505;128/2024;2024_128_381;ryhmäkohtaisia;1
1505;128/2024;2024_128_381;ryhmäkohtaisista;1
1505;128/2024;2024_128_381;ryhmämuotoisesti;1
1505;128/2024;2024_128_381;saada;2
1505;128/2024;2024_128_381;saamaan;1
1505;128/2024;2024_128_381;saaminen;1
1505;128/2024;2024_128_381;saatavuus;1
1505;128/2024;2024_128_381;saavuttamisessa;1
1505;128/2024;2024_128_381;sekä;6
1505;128/2024;2024_128_381;siihen;1
1505;128/2024;2024_128_381;siirrytään;1
1505;128/2024;2024_128_381;sisältyy;1
1505;128/2024;2024_128_381;sisältävät;1
1505;128/2024;2024_128_381;siten;1
1505;128/2024;2024_128_381;suorittamisessa;1
1505;128/2024;2024_128_381;suunnitelma;1
1505;128/2024;2024_128_381;suunnittelun;1
1505;128/2024;2024_128_381;suurelta;1
1505;128/2024;2024_128_381;taakan;1
1505;128/2024;2024_128_381;tarkoituksena;1
1505;128/2024;2024_128_381;tarpeen;3
1505;128/2024;2024_128_381;tarpeiden;1
1505;128/2024;2024_128_381;tarvetta;1
1505;128/2024;2024_128_381;tarvitsemansa;1
1505;128/2024;2024_128_381;tarvitsemiinsa;1
1505;128/2024;2024_128_381;tarvittaessa;1
1505;128/2024;2024_128_381;tavoite;1
1505;128/2024;2024_128_381;tavoitteiden;1
1505;128/2024;2024_128_381;tehdä;1
1505;128/2024;2024_128_381;tehostetun;2
1505;128/2024;2024_128_381;tehtävällä;1
1505;128/2024;2024_128_381;tilanteiden;1
1505;128/2024;2024_128_381;toimi;1
1505;128/2024;2024_128_381;toimiin;1
1505;128/2024;2024_128_381;toteutettavaa;1
1505;128/2024;2024_128_381;toteuttamiseen;1
1505;128/2024;2024_128_381;toteuttamistavat;1
1505;128/2024;2024_128_381;toteutuu;1
1505;128/2024;2024_128_381;tuen;11
1505;128/2024;2024_128_381;tukea;3
1505;128/2024;2024_128_381;tukimuodoilla;1
1505;128/2024;2024_128_381;tukimuodot;1
1505;128/2024;2024_128_381;tukimuotoja;1
1505;128/2024;2024_128_381;tukitoimet;1
1505;128/2024;2024_128_381;tukitoimia;2
1505;128/2024;2024_128_381;tukitoimien;1
1505;128/2024;2024_128_381;tukitoimiin;2
1505;128/2024;2024_128_381;tukitoimista;2
1505;128/2024;2024_128_381;tulee;1
1505;128/2024;2024_128_381;tulisi;1
1505;128/2024;2024_128_381;tulkitsemis;1
1505;128/2024;2024_128_381;tämä;1
1505;128/2024;2024_128_381;tärkeimmistä;1
1505;128/2024;2024_128_381;tärkeää;1
1505;128/2024;2024_128_381;usein;1
1505;128/2024;2024_128_381;uudistuksella;1
1505;128/2024;2024_128_381;uudistuksen;1
1505;128/2024;2024_128_381;uudistus;2
1505;128/2024;2024_128_381;vahvempien;1
1505;128/2024;2024_128_381;vahvistetaan;1
1505;128/2024;2024_128_381;vaiheessa;1
1505;128/2024;2024_128_381;vaihtelevia;1
1505;128/2024;2024_128_381;varataan;1
1505;128/2024;2024_128_381;varhain;1
1505;128/2024;2024_128_381;varmistaa;1
1505;128/2024;2024_128_381;viivästyy;1
1505;128/2024;2024_128_381;voidaan;1
1505;128/2024;2024_128_381;vähenee;1
1505;128/2024;2024_128_381;väheneminen;1
1505;128/2024;2024_128_381;vähentää;1
1505;128/2024;2024_128_381;välinen;1
1505;128/2024;2024_128_381;yhdenvertaisesti;1
1505;128/2024;2024_128_381;yhteen;1
1505;128/2024;2024_128_381;yksi;1
1505;128/2024;2024_128_381;yksilöllisesti;1
1505;128/2024;2024_128_381;yleisen;2
1505;13/2024;2024_13_109;aika;1
1505;13/2024;2024_13_109;aikana;1
1505;13/2024;2024_13_109;ajatellut;1
1505;13/2024;2024_13_109;ajattelu;1
1505;13/2024;2024_13_109;ajattelumallia;1
1505;13/2024;2024_13_109;ajatteluun;1
1505;13/2024;2024_13_109;ajatusmallia;1
1505;13/2024;2024_13_109;antaa;1
1505;13/2024;2024_13_109;arvoisa;1
1505;13/2024;2024_13_109;arvokasta;1
1505;13/2024;2024_13_109;arvomaailman;1
1505;13/2024;2024_13_109;asettaa;1
1505;13/2024;2024_13_109;asiaan;1
1505;13/2024;2024_13_109;asioissa;1
1505;13/2024;2024_13_109;edelläkin;1
1505;13/2024;2024_13_109;edistää;1
1505;13/2024;2024_13_109;edustajien;1
1505;13/2024;2024_13_109;edustajille;1
1505;13/2024;2024_13_109;edustan;1
1505;13/2024;2024_13_109;ehkä;1
1505;13/2024;2024_13_109;ei;1
1505;13/2024;2024_13_109;eli;1
1505;13/2024;2024_13_109;elämänkatsomustiedon;1
1505;13/2024;2024_13_109;elämänkatsomustiedosta;1
1505;13/2024;2024_13_109;elämää;1
1505;13/2024;2024_13_109;eri;4
1505;13/2024;2024_13_109;erilaisia;1
1505;13/2024;2024_13_109;erotellaan;1
1505;13/2024;2024_13_109;että;8
1505;13/2024;2024_13_109;evankelis-luterilainen;1
1505;13/2024;2024_13_109;evankelis-luterilaisen;1
1505;13/2024;2024_13_109;haasteita;1
1505;13/2024;2024_13_109;hyvin;1
1505;13/2024;2024_13_109;hyvä;3
1505;13/2024;2024_13_109;hyväksytty;1
1505;13/2024;2024_13_109;ihan;2
1505;13/2024;2024_13_109;isoissa;1
1505;13/2024;2024_13_109;itse;1
1505;13/2024;2024_13_109;ja;31
1505;13/2024;2024_13_109;jatkossakin;1
1505;13/2024;2024_13_109;joissa;1
1505;13/2024;2024_13_109;joissakin;1
1505;13/2024;2024_13_109;joka;1
1505;13/2024;2024_13_109;jokaiselle;2
1505;13/2024;2024_13_109;jonkun;1
1505;13/2024;2024_13_109;joulujuhla;1
1505;13/2024;2024_13_109;joutunut;1
1505;13/2024;2024_13_109;järjestetty;1
1505;13/2024;2024_13_109;järjestetään;1
1505;13/2024;2024_13_109;jäsentää;1
1505;13/2024;2024_13_109;kaikille;2
1505;13/2024;2024_13_109;kaikki;1
1505;13/2024;2024_13_109;kansainvälisiä;1
1505;13/2024;2024_13_109;kanssa;1
1505;13/2024;2024_13_109;kanta;1
1505;13/2024;2024_13_109;kasvattaa;1
1505;13/2024;2024_13_109;katsomusaineen;1
1505;13/2024;2024_13_109;katsomusaineeseen;1
1505;13/2024;2024_13_109;katsomusoppiaineen;1
1505;13/2024;2024_13_109;katsomustiedon;1
1505;13/2024;2024_13_109;keskinäistä;1
1505;13/2024;2024_13_109;kiitos;1
1505;13/2024;2024_13_109;kirkon;1
1505;13/2024;2024_13_109;kokoomuksellahan;1
1505;13/2024;2024_13_109;konservatiivista;1
1505;13/2024;2024_13_109;kouluissa;5
1505;13/2024;2024_13_109;koulujärjestelmän;1
1505;13/2024;2024_13_109;koulun;1
1505;13/2024;2024_13_109;koulussa;1
1505;13/2024;2024_13_109;kristinuskoa;1
1505;13/2024;2024_13_109;kristinuskohan;1
1505;13/2024;2024_13_109;kristinuskon;2
1505;13/2024;2024_13_109;kuitenkin;2
1505;13/2024;2024_13_109;kulttuureista;1
1505;13/2024;2024_13_109;kulttuurin;1
1505;13/2024;2024_13_109;kulttuurisia;1
1505;13/2024;2024_13_109;kunnioittava;1
1505;13/2024;2024_13_109;kustannuksia;1
1505;13/2024;2024_13_109;kuten;2
1505;13/2024;2024_13_109;kuuluu;1
1505;13/2024;2024_13_109;kuuluvat;1
1505;13/2024;2024_13_109;kyllä;3
1505;13/2024;2024_13_109;käsitys;1
1505;13/2024;2024_13_109;käydä;1
1505;13/2024;2024_13_109;käynyt;1
1505;13/2024;2024_13_109;käyttöönotto;1
1505;13/2024;2024_13_109;laaja-alaisesti;1
1505;13/2024;2024_13_109;lakialoite;2
1505;13/2024;2024_13_109;lapselle;1
1505;13/2024;2024_13_109;lapset;1
1505;13/2024;2024_13_109;lapsia;1
1505;13/2024;2024_13_109;liittyvää;1
1505;13/2024;2024_13_109;lukion;1
1505;13/2024;2024_13_109;lähtökohdat;1
1505;13/2024;2024_13_109;lähtökohtaisesti;1
1505;13/2024;2024_13_109;läpi;1
1505;13/2024;2024_13_109;löytämiseen;1
1505;13/2024;2024_13_109;maailmaa;1
1505;13/2024;2024_13_109;maailmaan;1
1505;13/2024;2024_13_109;maailmanuskontoja;1
1505;13/2024;2024_13_109;maan;1
1505;13/2024;2024_13_109;maassa;1
1505;13/2024;2024_13_109;mahdollistaisi;1
1505;13/2024;2024_13_109;mainittiin;1
1505;13/2024;2024_13_109;mainittiinkin;1
1505;13/2024;2024_13_109;meille;1
1505;13/2024;2024_13_109;mielestä;1
1505;13/2024;2024_13_109;mielestäni;1
1505;13/2024;2024_13_109;mieltä;1
1505;13/2024;2024_13_109;millaisilla;1
1505;13/2024;2024_13_109;minä;2
1505;13/2024;2024_13_109;moraalikasvatusta;1
1505;13/2024;2024_13_109;mutta;2
1505;13/2024;2024_13_109;muuhun;1
1505;13/2024;2024_13_109;muun;1
1505;13/2024;2024_13_109;muutosta;1
1505;13/2024;2024_13_109;muuttaisi;1
1505;13/2024;2024_13_109;muuttamaan;1
1505;13/2024;2024_13_109;muuttunut;1
1505;13/2024;2024_13_109;myös;3
1505;13/2024;2024_13_109;niin;1
1505;13/2024;2024_13_109;nuorelle;1
1505;13/2024;2024_13_109;nuoria;1
1505;13/2024;2024_13_109;nykyistä;1
1505;13/2024;2024_13_109;nyt;3
1505;13/2024;2024_13_109;näin;1
1505;13/2024;2024_13_109;näitten;1
1505;13/2024;2024_13_109;olen;4
1505;13/2024;2024_13_109;olevia;1
1505;13/2024;2024_13_109;olisi;2
1505;13/2024;2024_13_109;olisiko;1
1505;13/2024;2024_13_109;olla;1
1505;13/2024;2024_13_109;ollut;1
1505;13/2024;2024_13_109;omaa;1
1505;13/2024;2024_13_109;omaan;1
1505;13/2024;2024_13_109;on;10
1505;13/2024;2024_13_109;onkin;1
1505;13/2024;2024_13_109;opetetaan;1
1505;13/2024;2024_13_109;opettajan;1
1505;13/2024;2024_13_109;opetukseen;1
1505;13/2024;2024_13_109;opetus;2
1505;13/2024;2024_13_109;opetusryhmässä;1
1505;13/2024;2024_13_109;opetusta;2
1505;13/2024;2024_13_109;opiskelijoita;1
1505;13/2024;2024_13_109;opiskelu;1
1505;13/2024;2024_13_109;oppiaine;1
1505;13/2024;2024_13_109;oppilaalle;1
1505;13/2024;2024_13_109;oppilaiden;1
1505;13/2024;2024_13_109;oppisivat;1
1505;13/2024;2024_13_109;osa;1
1505;13/2024;2024_13_109;osallisuuden;1
1505;13/2024;2024_13_109;paljon;2
1505;13/2024;2024_13_109;parempi;1
1505;13/2024;2024_13_109;parhaiten;1
1505;13/2024;2024_13_109;perinteinen;1
1505;13/2024;2024_13_109;peruskoulun;1
1505;13/2024;2024_13_109;perusteella;1
1505;13/2024;2024_13_109;perusteellista;1
1505;13/2024;2024_13_109;piispoja;1
1505;13/2024;2024_13_109;pohditaan;1
1505;13/2024;2024_13_109;pohja;1
1505;13/2024;2024_13_109;pohjalta;1
1505;13/2024;2024_13_109;pohjatyötä;1
1505;13/2024;2024_13_109;pohtia;1
1505;13/2024;2024_13_109;puhemies;1
1505;13/2024;2024_13_109;puoltaa;1
1505;13/2024;2024_13_109;puoluekokouksessa;1
1505;13/2024;2024_13_109;puoluekokouksissa;1
1505;13/2024;2024_13_109;ryhmiin;1
1505;13/2024;2024_13_109;ryhmiä;1
1505;13/2024;2024_13_109;saattaa;1
1505;13/2024;2024_13_109;samankaltaiset;1
1505;13/2024;2024_13_109;samassa;1
1505;13/2024;2024_13_109;samat;1
1505;13/2024;2024_13_109;se;4
1505;13/2024;2024_13_109;selvittämistä;1
1505;13/2024;2024_13_109;selvää;1
1505;13/2024;2024_13_109;siellä;1
1505;13/2024;2024_13_109;siihen;2
1505;13/2024;2024_13_109;siirtymistä;1
1505;13/2024;2024_13_109;siis;1
1505;13/2024;2024_13_109;siitä;1
1505;13/2024;2024_13_109;siten;1
1505;13/2024;2024_13_109;sittenkin;1
1505;13/2024;2024_13_109;sitä;2
1505;13/2024;2024_13_109;sivistykseen;1
1505;13/2024;2024_13_109;sopeutua;1
1505;13/2024;2024_13_109;suomalaiseen;1
1505;13/2024;2024_13_109;suomalaisen;2
1505;13/2024;2024_13_109;suomalaisista;1
1505;13/2024;2024_13_109;suomalaisten;1
1505;13/2024;2024_13_109;suurin;1
1505;13/2024;2024_13_109;suvivirsi;1
1505;13/2024;2024_13_109;tai;1
1505;13/2024;2024_13_109;taidot;1
1505;13/2024;2024_13_109;takaisi;1
1505;13/2024;2024_13_109;tapoja;1
1505;13/2024;2024_13_109;taustoja;1
1505;13/2024;2024_13_109;tavalla;2
1505;13/2024;2024_13_109;tavannut;1
1505;13/2024;2024_13_109;tavoilla;1
1505;13/2024;2024_13_109;tavoista;1
1505;13/2024;2024_13_109;tehtävä;1
1505;13/2024;2024_13_109;tiedot;1
1505;13/2024;2024_13_109;tietojen;1
1505;13/2024;2024_13_109;tietysti;3
1505;13/2024;2024_13_109;tilanteessa;1
1505;13/2024;2024_13_109;tiloissa;1
1505;13/2024;2024_13_109;todettu;1
1505;13/2024;2024_13_109;toivon;1
1505;13/2024;2024_13_109;toteudu;1
1505;13/2024;2024_13_109;toteutuuko;1
1505;13/2024;2024_13_109;tunne;1
1505;13/2024;2024_13_109;tunneilla;1
1505;13/2024;2024_13_109;tunnetta;1
1505;13/2024;2024_13_109;tuntemaan;1
1505;13/2024;2024_13_109;tuo;1
1505;13/2024;2024_13_109;tutustumassa;1
1505;13/2024;2024_13_109;tyyppiseen;1
1505;13/2024;2024_13_109;työntekijöitä;1
1505;13/2024;2024_13_109;tähän;1
1505;13/2024;2024_13_109;tämä;4
1505;13/2024;2024_13_109;tämän;1
1505;13/2024;2024_13_109;tärkeä;1
1505;13/2024;2024_13_109;tärkeää;1
1505;13/2024;2024_13_109;tässä;1
1505;13/2024;2024_13_109;tätä;2
1505;13/2024;2024_13_109;täällä;1
1505;13/2024;2024_13_109;töissä;1
1505;13/2024;2024_13_109;useita;1
1505;13/2024;2024_13_109;uskonnollisia;1
1505;13/2024;2024_13_109;uskonnon;3
1505;13/2024;2024_13_109;uskonnonopetuksena;1
1505;13/2024;2024_13_109;uskontoansa;1
1505;13/2024;2024_13_109;uskontokunnan;1
1505;13/2024;2024_13_109;uskontokuntien;1
1505;13/2024;2024_13_109;uskontoonsa;1
1505;13/2024;2024_13_109;uskontotiedon;1
1505;13/2024;2024_13_109;vaatii;1
1505;13/2024;2024_13_109;vahva;1
1505;13/2024;2024_13_109;vahvistaisi;1
1505;13/2024;2024_13_109;vai;1
1505;13/2024;2024_13_109;vanhakantaistakin;1
1505;13/2024;2024_13_109;vanhempiensa;1
1505;13/2024;2024_13_109;verrattaessa;1
1505;13/2024;2024_13_109;voitaisiin;1
1505;13/2024;2024_13_109;vuoden;1
1505;13/2024;2024_13_109;vuodesta;1
1505;13/2024;2024_13_109;vuorovaikutustaitoja;1
1505;13/2024;2024_13_109;vuosien;1
1505;13/2024;2024_13_109;vähän;2
1505;13/2024;2024_13_109;yhdenvertaisesti;1
1505;13/2024;2024_13_109;yhdessä;1
1505;13/2024;2024_13_109;yhteinen;1
1505;13/2024;2024_13_109;yhteiseen;1
1505;13/2024;2024_13_109;yhteisen;1
1505;13/2024;2024_13_109;yhteiskuntaan;1
1505;13/2024;2024_13_109;yhteisöllisyyden;1
1505;13/2024;2024_13_109;yhtäaikaisesti;1
1505;13/2024;2024_13_109;yksi;1
1505;13/2024;2024_13_109;yleisesti;1
1505;13/2024;2024_13_109;yleissivistävällä;1
1505;13/2024;2024_13_109;yleissivistävästä;1
1505;13/2024;2024_13_109;ymmärryksen;1
1505;13/2024;2024_13_109;ymmärrystä;1
1505;13/2024;2024_13_109;ymmärtävään;1
1505;13/2024;2024_13_109;ympäröivään;1
1505;138/2024;2024_138_277;aiempaa;1
1505;138/2024;2024_138_277;ajattelin;1
1505;138/2024;2024_138_277;aktiivisesti;1
1505;138/2024;2024_138_277;arvoisa;1
1505;138/2024;2024_138_277;arvostettu;1
1505;138/2024;2024_138_277;avulla;1
1505;138/2024;2024_138_277;biopankkijärjestelmät;1
1505;138/2024;2024_138_277;budjetissa;2
1505;138/2024;2024_138_277;edelläkävijä;1
1505;138/2024;2024_138_277;epidemiologisen;1
1505;138/2024;2024_138_277;erinomaiset;1
1505;138/2024;2024_138_277;erittäin;1
1505;138/2024;2024_138_277;että;2
1505;138/2024;2024_138_277;geneettisiä;1
1505;138/2024;2024_138_277;genomi;1
1505;138/2024;2024_138_277;hetkelläkin;1
1505;138/2024;2024_138_277;hienoa;1
1505;138/2024;2024_138_277;hoidon;1
1505;138/2024;2024_138_277;hoitokäytänteitä;1
1505;138/2024;2024_138_277;houkuttelevana;1
1505;138/2024;2024_138_277;huippuluokan;1
1505;138/2024;2024_138_277;huomioidaan;1
1505;138/2024;2024_138_277;innovaatioiden;1
1505;138/2024;2024_138_277;ja;17
1505;138/2024;2024_138_277;jatkossakin;1
1505;138/2024;2024_138_277;joissa;1
1505;138/2024;2024_138_277;joka;1
1505;138/2024;2024_138_277;joten;1
1505;138/2024;2024_138_277;julkaisuaktiivisuus;1
1505;138/2024;2024_138_277;kansainvälisiin;1
1505;138/2024;2024_138_277;kansalliset;1
1505;138/2024;2024_138_277;kansallisiin;1
1505;138/2024;2024_138_277;kehittämiseen;1
1505;138/2024;2024_138_277;kentällä;1
1505;138/2024;2024_138_277;kiitos;1
1505;138/2024;2024_138_277;kiittää;1
1505;138/2024;2024_138_277;kilpailukykyistä;1
1505;138/2024;2024_138_277;kliinisen;1
1505;138/2024;2024_138_277;kliinisille;1
1505;138/2024;2024_138_277;kohdistuvia;1
1505;138/2024;2024_138_277;kohteena;1
1505;138/2024;2024_138_277;koko;1
1505;138/2024;2024_138_277;korkea;1
1505;138/2024;2024_138_277;korostaa;1
1505;138/2024;2024_138_277;kuten;1
1505;138/2024;2024_138_277;kärkijoukkoon;1
1505;138/2024;2024_138_277;käyttöön;1
1505;138/2024;2024_138_277;laadusta;1
1505;138/2024;2024_138_277;laajempaa;1
1505;138/2024;2024_138_277;laajentumista;1
1505;138/2024;2024_138_277;laatua;1
1505;138/2024;2024_138_277;levittämistä;1
1505;138/2024;2024_138_277;lääketieteellinen;1
1505;138/2024;2024_138_277;lääketieteelliseen;1
1505;138/2024;2024_138_277;lääketieteellisen;1
1505;138/2024;2024_138_277;lääketieteen;1
1505;138/2024;2024_138_277;lääketutkimuksille;1
1505;138/2024;2024_138_277;lääkeyritykset;1
1505;138/2024;2024_138_277;maa;1
1505;138/2024;2024_138_277;maailman;1
1505;138/2024;2024_138_277;maailmanlaajuisesti;1
1505;138/2024;2024_138_277;maan;1
1505;138/2024;2024_138_277;mahdollistaa;1
1505;138/2024;2024_138_277;meillä;3
1505;138/2024;2024_138_277;mitattuna;1
1505;138/2024;2024_138_277;mittareilla;1
1505;138/2024;2024_138_277;monikansalliset;1
1505;138/2024;2024_138_277;muassa;2
1505;138/2024;2024_138_277;muun;2
1505;138/2024;2024_138_277;myös;4
1505;138/2024;2024_138_277;nämä;1
1505;138/2024;2024_138_277;näyttöön;1
1505;138/2024;2024_138_277;olevia;1
1505;138/2024;2024_138_277;on;12
1505;138/2024;2024_138_277;onkin;1
1505;138/2024;2024_138_277;osallistuu;1
1505;138/2024;2024_138_277;paljon;1
1505;138/2024;2024_138_277;palveluita;1
1505;138/2024;2024_138_277;panostuksia;1
1505;138/2024;2024_138_277;parantaa;1
1505;138/2024;2024_138_277;parempia;1
1505;138/2024;2024_138_277;perustuvia;1
1505;138/2024;2024_138_277;pieni;1
1505;138/2024;2024_138_277;pitkittäistutkimuksissa;1
1505;138/2024;2024_138_277;pitävät;1
1505;138/2024;2024_138_277;potilaiden;1
1505;138/2024;2024_138_277;puheessani;1
1505;138/2024;2024_138_277;puhemies;1
1505;138/2024;2024_138_277;rekistereissä;1
1505;138/2024;2024_138_277;rekrytointi;1
1505;138/2024;2024_138_277;saamme;1
1505;138/2024;2024_138_277;saatavilla;1
1505;138/2024;2024_138_277;se;1
1505;138/2024;2024_138_277;sektorin;1
1505;138/2024;2024_138_277;sekä;1
1505;138/2024;2024_138_277;seurataan;1
1505;138/2024;2024_138_277;sijoittuu;1
1505;138/2024;2024_138_277;sillä;1
1505;138/2024;2024_138_277;sosiaali;1
1505;138/2024;2024_138_277;sote-palveluja;1
1505;138/2024;2024_138_277;suomalainen;1
1505;138/2024;2024_138_277;suomea;1
1505;138/2024;2024_138_277;suomessa;2
1505;138/2024;2024_138_277;suomi;4
1505;138/2024;2024_138_277;taso;1
1505;138/2024;2024_138_277;tavoiteltavaa;1
1505;138/2024;2024_138_277;tehokasta;1
1505;138/2024;2024_138_277;tekijänä;1
1505;138/2024;2024_138_277;terveydenhuoltojärjestelmä;1
1505;138/2024;2024_138_277;terveysalan;1
1505;138/2024;2024_138_277;terveysrekistereihin;1
1505;138/2024;2024_138_277;terveysrekisterit;1
1505;138/2024;2024_138_277;tiedon;1
1505;138/2024;2024_138_277;tiedot;1
1505;138/2024;2024_138_277;tieteelliseen;1
1505;138/2024;2024_138_277;tieteellisen;1
1505;138/2024;2024_138_277;tieteen;1
1505;138/2024;2024_138_277;tietoa;1
1505;138/2024;2024_138_277;tietoja;1
1505;138/2024;2024_138_277;tki-toimintaan;1
1505;138/2024;2024_138_277;toisiolakia;1
1505;138/2024;2024_138_277;tulevaisuutemme;1
1505;138/2024;2024_138_277;tunnettu;1
1505;138/2024;2024_138_277;tuottaa;1
1505;138/2024;2024_138_277;tuottavuutta;1
1505;138/2024;2024_138_277;tuotteistamista;1
1505;138/2024;2024_138_277;turvallisuudesta;1
1505;138/2024;2024_138_277;tutkimukseen;1
1505;138/2024;2024_138_277;tutkimuksen;4
1505;138/2024;2024_138_277;tutkimuksessa;1
1505;138/2024;2024_138_277;tutkimus;2
1505;138/2024;2024_138_277;tutkimusdataa;1
1505;138/2024;2024_138_277;tutkimusta;1
1505;138/2024;2024_138_277;tutkimustiedon;1
1505;138/2024;2024_138_277;tutkimusverkostoihin;1
1505;138/2024;2024_138_277;tällä;1
1505;138/2024;2024_138_277;tärkeää;1
1505;138/2024;2024_138_277;uudenlaisia;1
1505;138/2024;2024_138_277;uudistaessamme;1
1505;138/2024;2024_138_277;uusien;1
1505;138/2024;2024_138_277;vaikka;1
1505;138/2024;2024_138_277;vaikuttavuuden;1
1505;138/2024;2024_138_277;vaikuttavuutta;1
1505;138/2024;2024_138_277;viittausindekseillä;1
1505;138/2024;2024_138_277;voidaan;2
1505;138/2024;2024_138_277;vuosikymmeniä;1
1505;138/2024;2024_138_277;väkiluvultaan;1
1505;138/2024;2024_138_277;yhdenmukainen;1
1505;138/2024;2024_138_277;yhdistää;1
1505;138/2024;2024_138_277;yhteistyöverkostojen;1
1505;138/2024;2024_138_277;yksilöitä;1
1505;138/2024;2024_138_445;arvoisa;1
1505;138/2024;2024_138_445;budjetista;1
1505;138/2024;2024_138_445;budjettikeskusteluun;1
1505;138/2024;2024_138_445;entistä;1
1505;138/2024;2024_138_445;että;2
1505;138/2024;2024_138_445;haluan;2
1505;138/2024;2024_138_445;halukkaita;1
1505;138/2024;2024_138_445;harjoittamiseen;1
1505;138/2024;2024_138_445;henkilökohtaisesti;1
1505;138/2024;2024_138_445;hyvä;1
1505;138/2024;2024_138_445;hyvänä;1
1505;138/2024;2024_138_445;hyvät;1
1505;138/2024;2024_138_445;ja;10
1505;138/2024;2024_138_445;joka;1
1505;138/2024;2024_138_445;kai;1
1505;138/2024;2024_138_445;kasvun;1
1505;138/2024;2024_138_445;kehittämiseen;1
1505;138/2024;2024_138_445;kiitos;1
1505;138/2024;2024_138_445;kohtuullisen;1
1505;138/2024;2024_138_445;kommentin;1
1505;138/2024;2024_138_445;kommentoisin;1
1505;138/2024;2024_138_445;kuitenkin;1
1505;138/2024;2024_138_445;kunnon;1
1505;138/2024;2024_138_445;käytetyksi;1
1505;138/2024;2024_138_445;käytetyt;1
1505;138/2024;2024_138_445;laadukkaan;1
1505;138/2024;2024_138_445;lisäksi;1
1505;138/2024;2024_138_445;lopuksi;1
1505;138/2024;2024_138_445;maa;1
1505;138/2024;2024_138_445;maan;1
1505;138/2024;2024_138_445;maanviljelijät;1
1505;138/2024;2024_138_445;maataloudessa;1
1505;138/2024;2024_138_445;mahdollisimman;1
1505;138/2024;2024_138_445;malli;1
1505;138/2024;2024_138_445;metsät;1
1505;138/2024;2024_138_445;metsätalouspuolelta;1
1505;138/2024;2024_138_445;ministeriölle;1
1505;138/2024;2024_138_445;motivoiva;1
1505;138/2024;2024_138_445;mukaan;1
1505;138/2024;2024_138_445;muutaman;1
1505;138/2024;2024_138_445;mykkästä;1
1505;138/2024;2024_138_445;myös;4
1505;138/2024;2024_138_445;niiden;1
1505;138/2024;2024_138_445;niihin;1
1505;138/2024;2024_138_445;nykyistä;1
1505;138/2024;2024_138_445;omat;1
1505;138/2024;2024_138_445;on;5
1505;138/2024;2024_138_445;onnitella;1
1505;138/2024;2024_138_445;osaltani;1
1505;138/2024;2024_138_445;otetaan;1
1505;138/2024;2024_138_445;ovat;1
1505;138/2024;2024_138_445;panokset;1
1505;138/2024;2024_138_445;paremmin;1
1505;138/2024;2024_138_445;parempiin;1
1505;138/2024;2024_138_445;pellot;1
1505;138/2024;2024_138_445;peltonsa;1
1505;138/2024;2024_138_445;perustuttava;1
1505;138/2024;2024_138_445;perustuva;1
1505;138/2024;2024_138_445;pitäminen;1
1505;138/2024;2024_138_445;puhemies;1
1505;138/2024;2024_138_445;päästään;1
1505;138/2024;2024_138_445;rakenteeltaan;1
1505;138/2024;2024_138_445;sadon;1
1505;138/2024;2024_138_445;selkeästi;1
1505;138/2024;2024_138_445;sillä;1
1505;138/2024;2024_138_445;suojelutoimet;1
1505;138/2024;2024_138_445;suomessa;1
1505;138/2024;2024_138_445;suunnitellut;1
1505;138/2024;2024_138_445;suuren;1
1505;138/2024;2024_138_445;tarpeet;1
1505;138/2024;2024_138_445;tehokas;1
1505;138/2024;2024_138_445;tehokasta;1
1505;138/2024;2024_138_445;tehokkaasti;1
1505;138/2024;2024_138_445;tulevat;1
1505;138/2024;2024_138_445;tuloksiin;1
1505;138/2024;2024_138_445;tuntee;1
1505;138/2024;2024_138_445;tuoda;1
1505;138/2024;2024_138_445;tuotannon;1
1505;138/2024;2024_138_445;tuottavat;1
1505;138/2024;2024_138_445;työtehtävästä;1
1505;138/2024;2024_138_445;tällöin;1
1505;138/2024;2024_138_445;tärkeää;1
1505;138/2024;2024_138_445;tästä;1
1505;138/2024;2024_138_445;uudesta;1
1505;138/2024;2024_138_445;valittu;1
1505;138/2024;2024_138_445;valmiita;1
1505;138/2024;2024_138_445;vapaaehtoisuudelle;1
1505;138/2024;2024_138_445;vapaaehtoisuuteen;1
1505;138/2024;2024_138_445;viljelijä;1
1505;138/2024;2024_138_445;viljelijät;1
1505;138/2024;2024_138_445;viljelyyn;1
1505;138/2024;2024_138_445;yhdessä;1
1505;138/2024;2024_138_445;yhteistyöllä;1
1505;138/2024;2024_138_445;yksityisomisteisten;1
1505;138/2024;2024_138_445;ylipäätään;1
1505;138/2024;2024_138_445;ympäristöministerille;1
1505;138/2024;2024_138_445;ympäristöministeriön;1
1505;138/2024;2024_138_445;ympäristötyöhön;1
1505;138/2024;2024_138_445;ympäristötyötä;1
1505;138/2024;2024_138_445;ympäristöystävällisen;1
1505;18/2023;2023_18_185;ainoa;1
1505;18/2023;2023_18_185;ajautunut;1
1505;18/2023;2023_18_185;aktiivisesti;1
1505;18/2023;2023_18_185;alalla;1
1505;18/2023;2023_18_185;alkutuotanto;1
1505;18/2023;2023_18_185;aloituspaikkoja;1
1505;18/2023;2023_18_185;ammatin;1
1505;18/2023;2023_18_185;ansaitsee;2
1505;18/2023;2023_18_185;antamalla;1
1505;18/2023;2023_18_185;apuopettajan;1
1505;18/2023;2023_18_185;arvoisa;2
1505;18/2023;2023_18_185;asian;1
1505;18/2023;2023_18_185;avoimemman;1
1505;18/2023;2023_18_185;avulla;1
1505;18/2023;2023_18_185;edelleen;1
1505;18/2023;2023_18_185;edellytyksiä;2
1505;18/2023;2023_18_185;edistämisestä;1
1505;18/2023;2023_18_185;edistää;1
1505;18/2023;2023_18_185;ehkäisemme;1
1505;18/2023;2023_18_185;ekologinen;1
1505;18/2023;2023_18_185;elinkeinoelämän;1
1505;18/2023;2023_18_185;elinkykyisyys;1
1505;18/2023;2023_18_185;elinvoimaisena;1
1505;18/2023;2023_18_185;ennakoiden;1
1505;18/2023;2023_18_185;ensimmäisen;1
1505;18/2023;2023_18_185;ensisijaisesti;1
1505;18/2023;2023_18_185;erinäisten;1
1505;18/2023;2023_18_185;erityinen;1
1505;18/2023;2023_18_185;erityisesti;1
1505;18/2023;2023_18_185;erityisiä;1
1505;18/2023;2023_18_185;eteenpäin;1
1505;18/2023;2023_18_185;että;2
1505;18/2023;2023_18_185;eu-sääntelyn;1
1505;18/2023;2023_18_185;eu-tasolla;1
1505;18/2023;2023_18_185;globaali;1
1505;18/2023;2023_18_185;hakkuut;1
1505;18/2023;2023_18_185;hallinnollisen;1
1505;18/2023;2023_18_185;hallitus;1
1505;18/2023;2023_18_185;hallitusohjelma;1
1505;18/2023;2023_18_185;hallitusohjelmalle;2
1505;18/2023;2023_18_185;hallitusohjelman;3
1505;18/2023;2023_18_185;hallitusohjelmassa;1
1505;18/2023;2023_18_185;hallitusohjelmasta;1
1505;18/2023;2023_18_185;haluan;2
1505;18/2023;2023_18_185;helpotetaan;1
1505;18/2023;2023_18_185;helpottaa;1
1505;18/2023;2023_18_185;hiilinieluja;1
1505;18/2023;2023_18_185;hiilinielujen;1
1505;18/2023;2023_18_185;hoitotoimenpiteitä;1
1505;18/2023;2023_18_185;huoltovarmuuden;1
1505;18/2023;2023_18_185;huoltovarmuus;1
1505;18/2023;2023_18_185;huomion;1
1505;18/2023;2023_18_185;hyöty;1
1505;18/2023;2023_18_185;häiriötilanteissa;1
1505;18/2023;2023_18_185;ilmasto;1
1505;18/2023;2023_18_185;innovaatio-osaamista;1
1505;18/2023;2023_18_185;innovaatiot;1
1505;18/2023;2023_18_185;integroitumista;1
1505;18/2023;2023_18_185;itämerestä;1
1505;18/2023;2023_18_185;ja;30
1505;18/2023;2023_18_185;jatketaan;1
1505;18/2023;2023_18_185;jo;1
1505;18/2023;2023_18_185;johtajan;1
1505;18/2023;2023_18_185;joihin;1
1505;18/2023;2023_18_185;joka;2
1505;18/2023;2023_18_185;jokainen;1
1505;18/2023;2023_18_185;jokaiselle;1
1505;18/2023;2023_18_185;jonka;1
1505;18/2023;2023_18_185;järkevää;1
1505;18/2023;2023_18_185;kaaokseen;1
1505;18/2023;2023_18_185;kaikilta;1
1505;18/2023;2023_18_185;kaikki;1
1505;18/2023;2023_18_185;kalastuksen;2
1505;18/2023;2023_18_185;kalastuskiintiöitä;1
1505;18/2023;2023_18_185;kannalta;1
1505;18/2023;2023_18_185;kansalaisten;1
1505;18/2023;2023_18_185;kansallista;1
1505;18/2023;2023_18_185;kanssa;1
1505;18/2023;2023_18_185;kasvattaminen;1
1505;18/2023;2023_18_185;kasvulle;1
1505;18/2023;2023_18_185;kasvun;1
1505;18/2023;2023_18_185;kehittämis;1
1505;18/2023;2023_18_185;keskeisimmän;1
1505;18/2023;2023_18_185;keskittyy;1
1505;18/2023;2023_18_185;kestävän;1
1505;18/2023;2023_18_185;keventämisellä;1
1505;18/2023;2023_18_185;kielen;1
1505;18/2023;2023_18_185;kiitos;4
1505;18/2023;2023_18_185;kiitosta;1
1505;18/2023;2023_18_185;kiittää;1
1505;18/2023;2023_18_185;kilpailuedun;1
1505;18/2023;2023_18_185;kilpailuetu;1
1505;18/2023;2023_18_185;kilpailun;1
1505;18/2023;2023_18_185;kirjattu;1
1505;18/2023;2023_18_185;korkeakoulutukselle;1
1505;18/2023;2023_18_185;korkeakoulututkintojen;1
1505;18/2023;2023_18_185;koska;1
1505;18/2023;2023_18_185;kotimainen;1
1505;18/2023;2023_18_185;kotimarkkinoiden;1
1505;18/2023;2023_18_185;koulukiusaaminen;1
1505;18/2023;2023_18_185;koululaiset;1
1505;18/2023;2023_18_185;koulutuspolun;1
1505;18/2023;2023_18_185;kouluväkivallaksi;1
1505;18/2023;2023_18_185;kulkijoiden;1
1505;18/2023;2023_18_185;kuluttajalle;1
1505;18/2023;2023_18_185;kuntoon;1
1505;18/2023;2023_18_185;kustannustehokasta;1
1505;18/2023;2023_18_185;kuten;1
1505;18/2023;2023_18_185;kuuluvat;1
1505;18/2023;2023_18_185;käsissä;1
1505;18/2023;2023_18_185;laatua;1
1505;18/2023;2023_18_185;lapsissa;1
1505;18/2023;2023_18_185;lasten;1
1505;18/2023;2023_18_185;lauseesta;1
1505;18/2023;2023_18_185;lievä;1
1505;18/2023;2023_18_185;liian;1
1505;18/2023;2023_18_185;lisättyä;1
1505;18/2023;2023_18_185;lisätään;1
1505;18/2023;2023_18_185;loppuun;1
1505;18/2023;2023_18_185;luo;1
1505;18/2023;2023_18_185;lähiruoka;1
1505;18/2023;2023_18_185;lähtökohtaisesti;1
1505;18/2023;2023_18_185;maa;1
1505;18/2023;2023_18_185;maahanmuuttajataustaisten;1
1505;18/2023;2023_18_185;maaseutuyrittäjätaustaisena;1
1505;18/2023;2023_18_185;maatalouden;1
1505;18/2023;2023_18_185;mahdollistaa;1
1505;18/2023;2023_18_185;mahdollistetaan;1
1505;18/2023;2023_18_185;me;1
1505;18/2023;2023_18_185;menestymisen;1
1505;18/2023;2023_18_185;merkittävä;1
1505;18/2023;2023_18_185;merkityksestä;1
1505;18/2023;2023_18_185;metsiemme;1
1505;18/2023;2023_18_185;metsätalouden;1
1505;18/2023;2023_18_185;monien;1
1505;18/2023;2023_18_185;monimuotokoulutuksella;1
1505;18/2023;2023_18_185;motivoivaa;1
1505;18/2023;2023_18_185;muassa;2
1505;18/2023;2023_18_185;muiden;1
1505;18/2023;2023_18_185;muistuttaa;1
1505;18/2023;2023_18_185;mukaisesti;1
1505;18/2023;2023_18_185;mukaisiin;1
1505;18/2023;2023_18_185;muun;2
1505;18/2023;2023_18_185;muunto;1
1505;18/2023;2023_18_185;muutaman;1
1505;18/2023;2023_18_185;myös;3
1505;18/2023;2023_18_185;myötä;2
1505;18/2023;2023_18_185;määrä;1
1505;18/2023;2023_18_185;nimike;1
1505;18/2023;2023_18_185;nopeammin;1
1505;18/2023;2023_18_185;nostaa;1
1505;18/2023;2023_18_185;noudatettava;1
1505;18/2023;2023_18_185;nyt;2
1505;18/2023;2023_18_185;näin;3
1505;18/2023;2023_18_185;näistä;1
1505;18/2023;2023_18_185;näkökulmasta;1
1505;18/2023;2023_18_185;olemassa;1
1505;18/2023;2023_18_185;oleva;1
1505;18/2023;2023_18_185;omavaraisuus;1
1505;18/2023;2023_18_185;omavaraisuusaste;1
1505;18/2023;2023_18_185;omissa;1
1505;18/2023;2023_18_185;on;12
1505;18/2023;2023_18_185;opettaja;2
1505;18/2023;2023_18_185;opettajalta;1
1505;18/2023;2023_18_185;opettajien;2
1505;18/2023;2023_18_185;opetusta;1
1505;18/2023;2023_18_185;oppija;1
1505;18/2023;2023_18_185;oppimiseroja;1
1505;18/2023;2023_18_185;oppimisympäristö;1
1505;18/2023;2023_18_185;oppivat;1
1505;18/2023;2023_18_185;osaaminen;2
1505;18/2023;2023_18_185;osaamiseen;1
1505;18/2023;2023_18_185;osaamisen;1
1505;18/2023;2023_18_185;osallistumisastetta;1
1505;18/2023;2023_18_185;osalta;2
1505;18/2023;2023_18_185;osin;1
1505;18/2023;2023_18_185;ovat;1
1505;18/2023;2023_18_185;perusasiat;1
1505;18/2023;2023_18_185;peruskoulu;1
1505;18/2023;2023_18_185;perusopetuksessa;1
1505;18/2023;2023_18_185;perusopetusta;1
1505;18/2023;2023_18_185;peruspohjan;1
1505;18/2023;2023_18_185;perusrahoitukseen;1
1505;18/2023;2023_18_185;perusta;1
1505;18/2023;2023_18_185;pidetään;1
1505;18/2023;2023_18_185;poistuu;1
1505;18/2023;2023_18_185;poliisiasioitahan;1
1505;18/2023;2023_18_185;puhdistusoperaation;1
1505;18/2023;2023_18_185;puhemies;3
1505;18/2023;2023_18_185;puolustetaan;1
1505;18/2023;2023_18_185;puretaan;1
1505;18/2023;2023_18_185;purkamisella;1
1505;18/2023;2023_18_185;puuttumiseen;1
1505;18/2023;2023_18_185;pätevöityminen;1
1505;18/2023;2023_18_185;päälle;1
1505;18/2023;2023_18_185;ratkaisevat;1
1505;18/2023;2023_18_185;rauhallinen;1
1505;18/2023;2023_18_185;ravinteita;1
1505;18/2023;2023_18_185;rehtoreiden;1
1505;18/2023;2023_18_185;reilumman;1
1505;18/2023;2023_18_185;rikosnimikkeet;1
1505;18/2023;2023_18_185;rinnalla;1
1505;18/2023;2023_18_185;roolista;1
1505;18/2023;2023_18_185;runsaasti;1
1505;18/2023;2023_18_185;ruotsin;1
1505;18/2023;2023_18_185;saamaan;1
1505;18/2023;2023_18_185;saaristomeren;1
1505;18/2023;2023_18_185;saisimme;1
1505;18/2023;2023_18_185;segregaatiota;1
1505;18/2023;2023_18_185;sekä;6
1505;18/2023;2023_18_185;sellaista;1
1505;18/2023;2023_18_185;siihen;1
1505;18/2023;2023_18_185;silakan;1
1505;18/2023;2023_18_185;silakka;1
1505;18/2023;2023_18_185;sitoutumisesta;1
1505;18/2023;2023_18_185;sitä;1
1505;18/2023;2023_18_185;sosionomi;1
1505;18/2023;2023_18_185;suomalaiseen;1
1505;18/2023;2023_18_185;suomalaiselle;1
1505;18/2023;2023_18_185;suomea;1
1505;18/2023;2023_18_185;suomen;5
1505;18/2023;2023_18_185;suunnataan;1
1505;18/2023;2023_18_185;syiden;1
1505;18/2023;2023_18_185;sääntelyn;1
1505;18/2023;2023_18_185;sääntelytaakkaa;1
1505;18/2023;2023_18_185;taakan;1
1505;18/2023;2023_18_185;tarvitseville;1
1505;18/2023;2023_18_185;tasa-arvoa;1
1505;18/2023;2023_18_185;tasa-arvoisesti;1
1505;18/2023;2023_18_185;tasa-arvoistettava;1
1505;18/2023;2023_18_185;tasoaan;1
1505;18/2023;2023_18_185;tasoitamme;1
1505;18/2023;2023_18_185;tavoite;1
1505;18/2023;2023_18_185;tavoitteena;1
1505;18/2023;2023_18_185;tavoitteesta;1
1505;18/2023;2023_18_185;tehtäviin;1
1505;18/2023;2023_18_185;tehtävässä;1
1505;18/2023;2023_18_185;teollisuuspolitiikkaa;1
1505;18/2023;2023_18_185;termi;1
1505;18/2023;2023_18_185;tiedämme;1
1505;18/2023;2023_18_185;toimia;1
1505;18/2023;2023_18_185;toimimisen;1
1505;18/2023;2023_18_185;toimintaedellytykset;1
1505;18/2023;2023_18_185;toimintakenttä;1
1505;18/2023;2023_18_185;toimintavaltuuksia;1
1505;18/2023;2023_18_185;toki;1
1505;18/2023;2023_18_185;tukea;1
1505;18/2023;2023_18_185;tulee;1
1505;18/2023;2023_18_185;tulevaisuus;1
1505;18/2023;2023_18_185;tunnustetaan;1
1505;18/2023;2023_18_185;tuottaa;1
1505;18/2023;2023_18_185;tuottavien;1
1505;18/2023;2023_18_185;turvallinen;1
1505;18/2023;2023_18_185;turvata;1
1505;18/2023;2023_18_185;turvataan;1
1505;18/2023;2023_18_185;tutkimus;1
1505;18/2023;2023_18_185;tutkinto;2
1505;18/2023;2023_18_185;työrauhan;1
1505;18/2023;2023_18_185;työskentelevien;1
1505;18/2023;2023_18_185;tärkeää;1
1505;18/2023;2023_18_185;tästä;1
1505;18/2023;2023_18_185;tätä;1
1505;18/2023;2023_18_185;täysin;1
1505;18/2023;2023_18_185;useimmat;1
1505;18/2023;2023_18_185;uudessa;1
1505;18/2023;2023_18_185;uusien;1
1505;18/2023;2023_18_185;vahvistamme;1
1505;18/2023;2023_18_185;vahvistetaan;1
1505;18/2023;2023_18_185;vaikuttavaa;2
1505;18/2023;2023_18_185;vakaaseen;1
1505;18/2023;2023_18_185;vankan;1
1505;18/2023;2023_18_185;vapauttamalla;1
1505;18/2023;2023_18_185;varhaiskasvatuksen;4
1505;18/2023;2023_18_185;varhaiskasvatuslain;1
1505;18/2023;2023_18_185;varmistaen;1
1505;18/2023;2023_18_185;varmistetaan;1
1505;18/2023;2023_18_185;vastaavaa;1
1505;18/2023;2023_18_185;vielä;1
1505;18/2023;2023_18_185;vievää;1
1505;18/2023;2023_18_185;vuodelta;1
1505;18/2023;2023_18_185;vuoksi;1
1505;18/2023;2023_18_185;vuosi;1
1505;18/2023;2023_18_185;väkivaltatapahtumille;1
1505;18/2023;2023_18_185;yamk;1
1505;18/2023;2023_18_185;yhdessä;1
1505;18/2023;2023_18_185;yhteiskuntaan;1
1505;18/2023;2023_18_185;yhteiskuntamme;1
1505;18/2023;2023_18_185;ylempien;1
1505;18/2023;2023_18_185;yliopistossa;1
1505;18/2023;2023_18_185;yrittämisen;1
1505;18/2023;2023_18_185;yritystemme;1
1505;18/2023;2023_18_185;yritystoimintaa;1
1505;18/2024;2024_18_143;aiheuttavat;1
1505;18/2024;2024_18_143;aikaa;1
1505;18/2024;2024_18_143;aina;1
1505;18/2024;2024_18_143;aineet;3
1505;18/2024;2024_18_143;arvoisa;1
1505;18/2024;2024_18_143;asa-rekisteri;1
1505;18/2024;2024_18_143;ei;2
1505;18/2024;2024_18_143;erittäin;1
1505;18/2024;2024_18_143;etenkin;1
1505;18/2024;2024_18_143;että;4
1505;18/2024;2024_18_143;huomattiin;1
1505;18/2024;2024_18_143;huomioidaan;1
1505;18/2024;2024_18_143;hyllyistä;1
1505;18/2024;2024_18_143;hyvin;1
1505;18/2024;2024_18_143;hyvä;1
1505;18/2024;2024_18_143;ihmiset;1
1505;18/2024;2024_18_143;ja;5
1505;18/2024;2024_18_143;jos;1
1505;18/2024;2024_18_143;katsoa;1
1505;18/2024;2024_18_143;kemikaaliluettelot;1
1505;18/2024;2024_18_143;kemikaalituoterekisteriä;1
1505;18/2024;2024_18_143;kemikaaliviraston;1
1505;18/2024;2024_18_143;kenties;1
1505;18/2024;2024_18_143;keskustelua;1
1505;18/2024;2024_18_143;kiinnostaa;1
1505;18/2024;2024_18_143;kiinnostuneet;1
1505;18/2024;2024_18_143;kiinnostusta;1
1505;18/2024;2024_18_143;kiitoksia;1
1505;18/2024;2024_18_143;kokonaisuudessaan;1
1505;18/2024;2024_18_143;kommentoitu;1
1505;18/2024;2024_18_143;korostetaan;1
1505;18/2024;2024_18_143;koska;2
1505;18/2024;2024_18_143;koskee;1
1505;18/2024;2024_18_143;koulutusvaiheessa;1
1505;18/2024;2024_18_143;kuin;1
1505;18/2024;2024_18_143;kuinka;1
1505;18/2024;2024_18_143;kuitenkin;2
1505;18/2024;2024_18_143;kun;3
1505;18/2024;2024_18_143;kävisi;1
1505;18/2024;2024_18_143;käydään;1
1505;18/2024;2024_18_143;käyttöturvallisuustiedotteet;1
1505;18/2024;2024_18_143;lakiesitys;1
1505;18/2024;2024_18_143;lakiesitystä;1
1505;18/2024;2024_18_143;lisännyt;1
1505;18/2024;2024_18_143;lisätään;2
1505;18/2024;2024_18_143;lisääntymiseen;1
1505;18/2024;2024_18_143;lisääntymiselle;1
1505;18/2024;2024_18_143;luetteloon;1
1505;18/2024;2024_18_143;lukee;1
1505;18/2024;2024_18_143;löytyy;1
1505;18/2024;2024_18_143;miehiäkin;1
1505;18/2024;2024_18_143;mikä;1
1505;18/2024;2024_18_143;missä;1
1505;18/2024;2024_18_143;mitkä;1
1505;18/2024;2024_18_143;mitä;2
1505;18/2024;2024_18_143;moni;1
1505;18/2024;2024_18_143;mukaan;1
1505;18/2024;2024_18_143;muuta;1
1505;18/2024;2024_18_143;myös;1
1505;18/2024;2024_18_143;naisia;1
1505;18/2024;2024_18_143;ne;1
1505;18/2024;2024_18_143;niin;5
1505;18/2024;2024_18_143;niitä;1
1505;18/2024;2024_18_143;no;1
1505;18/2024;2024_18_143;noin;1
1505;18/2024;2024_18_143;nyt;3
1505;18/2024;2024_18_143;näistä;1
1505;18/2024;2024_18_143;nämä;4
1505;18/2024;2024_18_143;ole;1
1505;18/2024;2024_18_143;olisin;1
1505;18/2024;2024_18_143;on;4
1505;18/2024;2024_18_143;opiskelijoille;1
1505;18/2024;2024_18_143;ovat;1
1505;18/2024;2024_18_143;puhemies;1
1505;18/2024;2024_18_143;puuttuu;1
1505;18/2024;2024_18_143;saadaan;1
1505;18/2024;2024_18_143;sellainen;1
1505;18/2024;2024_18_143;sen;1
1505;18/2024;2024_18_143;setvittiin;1
1505;18/2024;2024_18_143;siellä;1
1505;18/2024;2024_18_143;sieltä;2
1505;18/2024;2024_18_143;siihen;1
1505;18/2024;2024_18_143;siitä;2
1505;18/2024;2024_18_143;sinne;1
1505;18/2024;2024_18_143;sisältävät;1
1505;18/2024;2024_18_143;sitten;5
1505;18/2024;2024_18_143;syöpää;1
1505;18/2024;2024_18_143;tai;1
1505;18/2024;2024_18_143;tietysti;1
1505;18/2024;2024_18_143;toivottavasti;1
1505;18/2024;2024_18_143;tuohon;1
1505;18/2024;2024_18_143;tuotetta;1
1505;18/2024;2024_18_143;turvallisuus;1
1505;18/2024;2024_18_143;työpaikalla;1
1505;18/2024;2024_18_143;työpaikoilla;1
1505;18/2024;2024_18_143;työskentelette;1
1505;18/2024;2024_18_143;tähän;1
1505;18/2024;2024_18_143;tämä;3
1505;18/2024;2024_18_143;tässä;1
1505;18/2024;2024_18_143;tätä;2
1505;18/2024;2024_18_143;täytyy;1
1505;18/2024;2024_18_143;täällä;1
1505;18/2024;2024_18_143;vaaralliset;1
1505;18/2024;2024_18_143;vaikuttavat;1
1505;18/2024;2024_18_143;verran;1
1505;18/2024;2024_18_143;vuonna;1
1505;18/2024;2024_18_143;yleensä;1
1505;33/2023;2023_33_147;aiheuttaviin;1
1505;33/2023;2023_33_147;aikavälillä;1
1505;33/2023;2023_33_147;aina;1
1505;33/2023;2023_33_147;ajallaan;1
1505;33/2023;2023_33_147;aktiiviseen;1
1505;33/2023;2023_33_147;alan;1
1505;33/2023;2023_33_147;annetun;1
1505;33/2023;2023_33_147;antaa;1
1505;33/2023;2023_33_147;arvoisa;2
1505;33/2023;2023_33_147;arvokkaaksi;1
1505;33/2023;2023_33_147;edellä;1
1505;33/2023;2023_33_147;edistäviksi;1
1505;33/2023;2023_33_147;ei;1
1505;33/2023;2023_33_147;energiatuotannossa;1
1505;33/2023;2023_33_147;enimmillään;1
1505;33/2023;2023_33_147;ennaltaehkäisevä;1
1505;33/2023;2023_33_147;esitys;1
1505;33/2023;2023_33_147;fossiilisia;1
1505;33/2023;2023_33_147;hallituksen;1
1505;33/2023;2023_33_147;hallitusohjelman;1
1505;33/2023;2023_33_147;harvennetussa;1
1505;33/2023;2023_33_147;harvennukset;1
1505;33/2023;2023_33_147;hiilinieluja;1
1505;33/2023;2023_33_147;hoidetun;1
1505;33/2023;2023_33_147;hoidetussa;1
1505;33/2023;2023_33_147;hoidossa;2
1505;33/2023;2023_33_147;hoidosta;1
1505;33/2023;2023_33_147;hoitaminen;1
1505;33/2023;2023_33_147;hoitamiseen;1
1505;33/2023;2023_33_147;hoitoon;1
1505;33/2023;2023_33_147;hoitorästien;1
1505;33/2023;2023_33_147;hoitotoimenpiteet;1
1505;33/2023;2023_33_147;hyvin;1
1505;33/2023;2023_33_147;hyödyksi;1
1505;33/2023;2023_33_147;hyönteis;1
1505;33/2023;2023_33_147;hyötykäyttöön;1
1505;33/2023;2023_33_147;ja;15
1505;33/2023;2023_33_147;jo;1
1505;33/2023;2023_33_147;jotka;1
1505;33/2023;2023_33_147;järeytyy;1
1505;33/2023;2023_33_147;kannusteena;1
1505;33/2023;2023_33_147;kannustejärjestelmän;1
1505;33/2023;2023_33_147;kannustejärjestelmästä;1
1505;33/2023;2023_33_147;kansallisen;1
1505;33/2023;2023_33_147;kanssa;1
1505;33/2023;2023_33_147;kasvaa;1
1505;33/2023;2023_33_147;kasvava;1
1505;33/2023;2023_33_147;kasvua;1
1505;33/2023;2023_33_147;kasvutekijät;1
1505;33/2023;2023_33_147;kattavat;1
1505;33/2023;2023_33_147;kerrannaisvaikutuksineen;1
1505;33/2023;2023_33_147;kerättävä;1
1505;33/2023;2023_33_147;kerättävällä;1
1505;33/2023;2023_33_147;kestää;1
1505;33/2023;2023_33_147;kiinnostusta;1
1505;33/2023;2023_33_147;kiitos;1
1505;33/2023;2023_33_147;kirjattu;1
1505;33/2023;2023_33_147;koidu;1
1505;33/2023;2023_33_147;koituu;1
1505;33/2023;2023_33_147;koituvat;1
1505;33/2023;2023_33_147;korjuu;1
1505;33/2023;2023_33_147;koron;1
1505;33/2023;2023_33_147;korvata;1
1505;33/2023;2023_33_147;kuitenkin;1
1505;33/2023;2023_33_147;kun;1
1505;33/2023;2023_33_147;kustannuksia;1
1505;33/2023;2023_33_147;kuten;2
1505;33/2023;2023_33_147;käsittelyssä;1
1505;33/2023;2023_33_147;käyttö;1
1505;33/2023;2023_33_147;käyttöönotto;1
1505;33/2023;2023_33_147;laadukkaasti;2
1505;33/2023;2023_33_147;laadukkaita;1
1505;33/2023;2023_33_147;lain;1
1505;33/2023;2023_33_147;lisätä;1
1505;33/2023;2023_33_147;luonnon;1
1505;33/2023;2023_33_147;luonnontuhoja;1
1505;33/2023;2023_33_147;luonteeltaan;1
1505;33/2023;2023_33_147;lyhyellä;1
1505;33/2023;2023_33_147;mahdollisuus;1
1505;33/2023;2023_33_147;mainittiinkin;1
1505;33/2023;2023_33_147;menee;1
1505;33/2023;2023_33_147;metsien;5
1505;33/2023;2023_33_147;metsienhoitoon;1
1505;33/2023;2023_33_147;metsä;1
1505;33/2023;2023_33_147;metsän;4
1505;33/2023;2023_33_147;metsänhoidon;1
1505;33/2023;2023_33_147;metsänhoitoon;2
1505;33/2023;2023_33_147;metsänomistajalle;1
1505;33/2023;2023_33_147;metsänomistajan;2
1505;33/2023;2023_33_147;metsästrategian;1
1505;33/2023;2023_33_147;metsätalouden;1
1505;33/2023;2023_33_147;monimuotoisuudelle;1
1505;33/2023;2023_33_147;moninkertaisesti;1
1505;33/2023;2023_33_147;monitavoitteeseen;1
1505;33/2023;2023_33_147;muassa;1
1505;33/2023;2023_33_147;mukaan;1
1505;33/2023;2023_33_147;mukaisesti;1
1505;33/2023;2023_33_147;mutta;1
1505;33/2023;2023_33_147;muun;1
1505;33/2023;2023_33_147;muutos;1
1505;33/2023;2023_33_147;muuttamiseksi;1
1505;33/2023;2023_33_147;myydessä;1
1505;33/2023;2023_33_147;myös;1
1505;33/2023;2023_33_147;määräaikaisesta;1
1505;33/2023;2023_33_147;määrää;1
1505;33/2023;2023_33_147;nopeammin;1
1505;33/2023;2023_33_147;nuoren;3
1505;33/2023;2023_33_147;nuorten;2
1505;33/2023;2023_33_147;nyt;2
1505;33/2023;2023_33_147;ohjattua;1
1505;33/2023;2023_33_147;oikea-aikaisesti;2
1505;33/2023;2023_33_147;on;6
1505;33/2023;2023_33_147;osoitettavat;1
1505;33/2023;2023_33_147;paremmin;1
1505;33/2023;2023_33_147;parhaiten;1
1505;33/2023;2023_33_147;pidemmän;1
1505;33/2023;2023_33_147;pienpuu;1
1505;33/2023;2023_33_147;pienpuulla;1
1505;33/2023;2023_33_147;pitkäjänteisesti;1
1505;33/2023;2023_33_147;pohjautuu;1
1505;33/2023;2023_33_147;poistaminen;1
1505;33/2023;2023_33_147;polttoaineita;1
1505;33/2023;2023_33_147;prosentin;1
1505;33/2023;2023_33_147;puhemies;2
1505;33/2023;2023_33_147;puukaupoista;1
1505;33/2023;2023_33_147;puunjalostusteollisuudelle;1
1505;33/2023;2023_33_147;puusto;1
1505;33/2023;2023_33_147;puustolla;1
1505;33/2023;2023_33_147;puustossa;1
1505;33/2023;2023_33_147;puuyksilöihin;1
1505;33/2023;2023_33_147;päälle;1
1505;33/2023;2023_33_147;pääomavero;1
1505;33/2023;2023_33_147;päästä;1
1505;33/2023;2023_33_147;rakennepiirteitä;1
1505;33/2023;2023_33_147;realisoitumaan;1
1505;33/2023;2023_33_147;realisoituvat;1
1505;33/2023;2023_33_147;rouva;1
1505;33/2023;2023_33_147;saadaan;1
1505;33/2023;2023_33_147;saattaa;1
1505;33/2023;2023_33_147;satsaus;1
1505;33/2023;2023_33_147;sekä;1
1505;33/2023;2023_33_147;sote-palveluissakin;1
1505;33/2023;2023_33_147;sujuva;1
1505;33/2023;2023_33_147;suomelle;1
1505;33/2023;2023_33_147;taimikoiden;1
1505;33/2023;2023_33_147;taimikon;1
1505;33/2023;2023_33_147;takaisin;1
1505;33/2023;2023_33_147;tavoitteena;1
1505;33/2023;2023_33_147;tehdä;1
1505;33/2023;2023_33_147;tehdään;1
1505;33/2023;2023_33_147;tekninen;1
1505;33/2023;2023_33_147;terve;1
1505;33/2023;2023_33_147;tilaa;1
1505;33/2023;2023_33_147;toimenpiteiksi;1
1505;33/2023;2023_33_147;toimenpiteisiin;1
1505;33/2023;2023_33_147;toimii;1
1505;33/2023;2023_33_147;toimijoille;1
1505;33/2023;2023_33_147;tuet;1
1505;33/2023;2023_33_147;tuki;2
1505;33/2023;2023_33_147;tukkeja;1
1505;33/2023;2023_33_147;tukkipuuksi;1
1505;33/2023;2023_33_147;tulee;1
1505;33/2023;2023_33_147;tuloja;2
1505;33/2023;2023_33_147;tulokset;1
1505;33/2023;2023_33_147;turvaavat;1
1505;33/2023;2023_33_147;turvetta;1
1505;33/2023;2023_33_147;työllistää;1
1505;33/2023;2023_33_147;tämä;1
1505;33/2023;2023_33_147;tärkeitä;1
1505;33/2023;2023_33_147;tärkeä;1
1505;33/2023;2023_33_147;uudistava;1
1505;33/2023;2023_33_147;vaan;1
1505;33/2023;2023_33_147;vahvistaa;1
1505;33/2023;2023_33_147;vain;1
1505;33/2023;2023_33_147;valintoja;1
1505;33/2023;2023_33_147;valtiolle;1
1505;33/2023;2023_33_147;valtion;2
1505;33/2023;2023_33_147;varhaishoitoon;1
1505;33/2023;2023_33_147;varmistaa;1
1505;33/2023;2023_33_147;vasta;1
1505;33/2023;2023_33_147;vientitulot;1
1505;33/2023;2023_33_147;voidaan;1
1505;33/2023;2023_33_147;vuosien;1
1505;33/2023;2023_33_147;vähentää;1
1505;33/2023;2023_33_147;välittömiä;1
1505;33/2023;2023_33_196;aika;1
1505;33/2023;2023_33_196;alipalkkausta;1
1505;33/2023;2023_33_196;alistavat;1
1505;33/2023;2023_33_196;ansaitaan;1
1505;33/2023;2023_33_196;antanut;1
1505;33/2023;2023_33_196;asioita;1
1505;33/2023;2023_33_196;edustaja;1
1505;33/2023;2023_33_196;ehkä;1
1505;33/2023;2023_33_196;ei;1
1505;33/2023;2023_33_196;eli;1
1505;33/2023;2023_33_196;esimerkiksi;1
1505;33/2023;2023_33_196;etenkin;1
1505;33/2023;2023_33_196;että;2
1505;33/2023;2023_33_196;hallitus;1
1505;33/2023;2023_33_196;havaittavissa;1
1505;33/2023;2023_33_196;hyväksikäyttöä;1
1505;33/2023;2023_33_196;hyötymistä;1
1505;33/2023;2023_33_196;ihan;1
1505;33/2023;2023_33_196;ihmiskauppaa;1
1505;33/2023;2023_33_196;ilmeisesti;1
1505;33/2023;2023_33_196;ja;8
1505;33/2023;2023_33_196;jo;1
1505;33/2023;2023_33_196;joka;1
1505;33/2023;2023_33_196;katsoo;1
1505;33/2023;2023_33_196;kiitos;1
1505;33/2023;2023_33_196;kiskontajuttujen;1
1505;33/2023;2023_33_196;kun;1
1505;33/2023;2023_33_196;kuten;1
1505;33/2023;2023_33_196;käsittelemiä;1
1505;33/2023;2023_33_196;laajamittaisestikin;1
1505;33/2023;2023_33_196;lakialoitteen;1
1505;33/2023;2023_33_196;lakimuutos;1
1505;33/2023;2023_33_196;lisääntymisen;1
1505;33/2023;2023_33_196;lisääntynyt;1
1505;33/2023;2023_33_196;lähipiiristäkin;1
1505;33/2023;2023_33_196;maahanmuuttajataustaiset;1
1505;33/2023;2023_33_196;maanmiehiään;1
1505;33/2023;2023_33_196;mikä;1
1505;33/2023;2023_33_196;miljoonaa;1
1505;33/2023;2023_33_196;mutta;2
1505;33/2023;2023_33_196;myös;3
1505;33/2023;2023_33_196;määrärahoja;1
1505;33/2023;2023_33_196;niin;1
1505;33/2023;2023_33_196;nyt;3
1505;33/2023;2023_33_196;näihin;1
1505;33/2023;2023_33_196;näin;1
1505;33/2023;2023_33_196;näitten;1
1505;33/2023;2023_33_196;näitä;1
1505;33/2023;2023_33_196;oikeuksiaan;1
1505;33/2023;2023_33_196;olemassa;1
1505;33/2023;2023_33_196;omia;1
1505;33/2023;2023_33_196;on;8
1505;33/2023;2023_33_196;onneksi;1
1505;33/2023;2023_33_196;palkkaa;1
1505;33/2023;2023_33_196;palkkojen;1
1505;33/2023;2023_33_196;partanen;1
1505;33/2023;2023_33_196;pimeää;1
1505;33/2023;2023_33_196;poliisille;1
1505;33/2023;2023_33_196;poliisissa;1
1505;33/2023;2023_33_196;puuttuvien;1
1505;33/2023;2023_33_196;päällekkäin;1
1505;33/2023;2023_33_196;resurssien;1
1505;33/2023;2023_33_196;ryhmiin;1
1505;33/2023;2023_33_196;siellä;2
1505;33/2023;2023_33_196;siltä;1
1505;33/2023;2023_33_196;sitten;2
1505;33/2023;2023_33_196;suomen;3
1505;33/2023;2023_33_196;suomessa;1
1505;33/2023;2023_33_196;suunnataan;1
1505;33/2023;2023_33_196;sääntelyn;1
1505;33/2023;2023_33_196;säästyttäisiin;1
1505;33/2023;2023_33_196;taakalta;1
1505;33/2023;2023_33_196;takaisinperintää;1
1505;33/2023;2023_33_196;tehty;1
1505;33/2023;2023_33_196;tiukkuuden;1
1505;33/2023;2023_33_196;toivottavasti;1
1505;33/2023;2023_33_196;tosiaan;2
1505;33/2023;2023_33_196;totesi;1
1505;33/2023;2023_33_196;tuilla;1
1505;33/2023;2023_33_196;tukia;1
1505;33/2023;2023_33_196;tunne;1
1505;33/2023;2023_33_196;tunnistettu;1
1505;33/2023;2023_33_196;tutkiviin;1
1505;33/2023;2023_33_196;työntekijä;1
1505;33/2023;2023_33_196;työperäistä;1
1505;33/2023;2023_33_196;työtaakka;1
1505;33/2023;2023_33_196;tämän;1
1505;33/2023;2023_33_196;tätä;1
1505;33/2023;2023_33_196;täyttäisi;1
1505;33/2023;2023_33_196;uhri;1
1505;33/2023;2023_33_196;ulkomaalainen;1
1505;33/2023;2023_33_196;useimmiten;1
1505;33/2023;2023_33_196;valtavasti;1
1505;33/2023;2023_33_196;valtion;1
1505;33/2023;2023_33_196;viime;1
1505;33/2023;2023_33_196;vuoksi;2
1505;33/2023;2023_33_196;vuosina;1
1505;33/2023;2023_33_196;yli;1
1505;33/2023;2023_33_196;yritykset;1
1505;41/2023;2023_41_496;aikana;2
1505;41/2023;2023_41_496;alakouluissa;1
1505;41/2023;2023_41_496;alakoulun;1
1505;41/2023;2023_41_496;altistaa;1
1505;41/2023;2023_41_496;alueilla;1
1505;41/2023;2023_41_496;ammatilliseen;1
1505;41/2023;2023_41_496;arvioidaan;1
1505;41/2023;2023_41_496;arvoisa;3
1505;41/2023;2023_41_496;asteella;2
1505;41/2023;2023_41_496;asteen;1
1505;41/2023;2023_41_496;edellytyksiä;1
1505;41/2023;2023_41_496;edistäviin;1
1505;41/2023;2023_41_496;edullista;1
1505;41/2023;2023_41_496;edustaja;1
1505;41/2023;2023_41_496;ehdotetaan;3
1505;41/2023;2023_41_496;ei;1
1505;41/2023;2023_41_496;eli;2
1505;41/2023;2023_41_496;enemmän;3
1505;41/2023;2023_41_496;ensi;1
1505;41/2023;2023_41_496;ensimmäisen;1
1505;41/2023;2023_41_496;eri;1
1505;41/2023;2023_41_496;erittäin;2
1505;41/2023;2023_41_496;erityisen;1
1505;41/2023;2023_41_496;erityisesti;4
1505;41/2023;2023_41_496;esitetäänkin;1
1505;41/2023;2023_41_496;että;2
1505;41/2023;2023_41_496;eu-hankkeiden;1
1505;41/2023;2023_41_496;euroa;4
1505;41/2023;2023_41_496;euroissa;1
1505;41/2023;2023_41_496;eurolla;2
1505;41/2023;2023_41_496;euron;3
1505;41/2023;2023_41_496;filatov;1
1505;41/2023;2023_41_496;fyysisesti;1
1505;41/2023;2023_41_496;hallinnonalalle;1
1505;41/2023;2023_41_496;hallitus;7
1505;41/2023;2023_41_496;hallitusohjelmasta;1
1505;41/2023;2023_41_496;heikoimmille;1
1505;41/2023;2023_41_496;hetki;1
1505;41/2023;2023_41_496;hyvä;1
1505;41/2023;2023_41_496;ikäluokista;1
1505;41/2023;2023_41_496;ja;20
1505;41/2023;2023_41_496;jo;1
1505;41/2023;2023_41_496;joilla;1
1505;41/2023;2023_41_496;jokaiselle;1
1505;41/2023;2023_41_496;julkisen;1
1505;41/2023;2023_41_496;järjestelmän;1
1505;41/2023;2023_41_496;kahdeksan;1
1505;41/2023;2023_41_496;kahden;1
1505;41/2023;2023_41_496;kaikilla;2
1505;41/2023;2023_41_496;kaikki;1
1505;41/2023;2023_41_496;kaikkialtaan;1
1505;41/2023;2023_41_496;kansalliseen;1
1505;41/2023;2023_41_496;kasvattaa;1
1505;41/2023;2023_41_496;katosi;1
1505;41/2023;2023_41_496;kautta;1
1505;41/2023;2023_41_496;kehittämiseen;2
1505;41/2023;2023_41_496;kehittämistoiminnan;2
1505;41/2023;2023_41_496;keinoja;1
1505;41/2023;2023_41_496;keskellä;1
1505;41/2023;2023_41_496;kiitos;2
1505;41/2023;2023_41_496;kirjauksia;1
1505;41/2023;2023_41_496;kirjoitus;1
1505;41/2023;2023_41_496;kohdennetaan;2
1505;41/2023;2023_41_496;kohdistetaan;1
1505;41/2023;2023_41_496;kokonaisuudessaan;1
1505;41/2023;2023_41_496;korkeakouluopetukseen;1
1505;41/2023;2023_41_496;korkeakoulututkinnon;1
1505;41/2023;2023_41_496;koulurauhaa;1
1505;41/2023;2023_41_496;koulutukseen;2
1505;41/2023;2023_41_496;koulutuksen;1
1505;41/2023;2023_41_496;koulutuksessa;1
1505;41/2023;2023_41_496;koulutusasteille;1
1505;41/2023;2023_41_496;koulutuspolun;1
1505;41/2023;2023_41_496;koulutustason;1
1505;41/2023;2023_41_496;kuin;4
1505;41/2023;2023_41_496;kuitenkaan;1
1505;41/2023;2023_41_496;kuluvaan;1
1505;41/2023;2023_41_496;kuluvana;1
1505;41/2023;2023_41_496;kunto;1
1505;41/2023;2023_41_496;kustannukset;1
1505;41/2023;2023_41_496;kuultu;1
1505;41/2023;2023_41_496;kymmenen;1
1505;41/2023;2023_41_496;käytännön;1
1505;41/2023;2023_41_496;laadun;1
1505;41/2023;2023_41_496;laajentamatta;1
1505;41/2023;2023_41_496;laatua;1
1505;41/2023;2023_41_496;lapselle;1
1505;41/2023;2023_41_496;lapsissa;1
1505;41/2023;2023_41_496;laskutaidon;1
1505;41/2023;2023_41_496;lasten;2
1505;41/2023;2023_41_496;leikata;1
1505;41/2023;2023_41_496;liikkeelle;1
1505;41/2023;2023_41_496;liikkeessä;1
1505;41/2023;2023_41_496;liikkua;1
1505;41/2023;2023_41_496;liikkumattomuuden;1
1505;41/2023;2023_41_496;liikkuminen;1
1505;41/2023;2023_41_496;liikkuvat;1
1505;41/2023;2023_41_496;lisämääräraha;1
1505;41/2023;2023_41_496;lisärahoitus;1
1505;41/2023;2023_41_496;lisätunteja;1
1505;41/2023;2023_41_496;lisätuntien;1
1505;41/2023;2023_41_496;lisäystä;1
1505;41/2023;2023_41_496;lisää;4
1505;41/2023;2023_41_496;lisäämään;1
1505;41/2023;2023_41_496;lisääntynyt;1
1505;41/2023;2023_41_496;lukiokoulutukseen;1
1505;41/2023;2023_41_496;luku;1
1505;41/2023;2023_41_496;luonnossa;1
1505;41/2023;2023_41_496;luontoliikunta;1
1505;41/2023;2023_41_496;löytyy;1
1505;41/2023;2023_41_496;mahdollisuus;1
1505;41/2023;2023_41_496;meillä;1
1505;41/2023;2023_41_496;merkittäviä;1
1505;41/2023;2023_41_496;mielestäni;1
1505;41/2023;2023_41_496;mikki;1
1505;41/2023;2023_41_496;mikrofoni;1
1505;41/2023;2023_41_496;miljardeissa;1
1505;41/2023;2023_41_496;miljardin;1
1505;41/2023;2023_41_496;miljoonaa;4
1505;41/2023;2023_41_496;miljoonalla;2
1505;41/2023;2023_41_496;miljoonan;2
1505;41/2023;2023_41_496;muassa;1
1505;41/2023;2023_41_496;muun;1
1505;41/2023;2023_41_496;myös;4
1505;41/2023;2023_41_496;määrärahaa;1
1505;41/2023;2023_41_496;määrää;2
1505;41/2023;2023_41_496;niillä;1
1505;41/2023;2023_41_496;niin;1
1505;41/2023;2023_41_496;noin;1
1505;41/2023;2023_41_496;nostoon;1
1505;41/2023;2023_41_496;nuorelle;1
1505;41/2023;2023_41_496;nuorissa;1
1505;41/2023;2023_41_496;nuorista;1
1505;41/2023;2023_41_496;nuorten;2
1505;41/2023;2023_41_496;nykyisin;1
1505;41/2023;2023_41_496;nyt;1
1505;41/2023;2023_41_496;näillä;1
1505;41/2023;2023_41_496;näistä;1
1505;41/2023;2023_41_496;nämä;1
1505;41/2023;2023_41_496;ohjelmalla;1
1505;41/2023;2023_41_496;okmn;1
1505;41/2023;2023_41_496;olkaa;1
1505;41/2023;2023_41_496;omaa;1
1505;41/2023;2023_41_496;on;11
1505;41/2023;2023_41_496;onhan;1
1505;41/2023;2023_41_496;opettajan;1
1505;41/2023;2023_41_496;opettamiseen;1
1505;41/2023;2023_41_496;opetuksen;1
1505;41/2023;2023_41_496;opetushenkilöstön;1
1505;41/2023;2023_41_496;oppimisen;3
1505;41/2023;2023_41_496;oppimiseroja;1
1505;41/2023;2023_41_496;oppimista;1
1505;41/2023;2023_41_496;oppimistuloksille;1
1505;41/2023;2023_41_496;oppimistulosten;1
1505;41/2023;2023_41_496;osaamiseen;1
1505;41/2023;2023_41_496;osallistumisastetta;1
1505;41/2023;2023_41_496;osan;1
1505;41/2023;2023_41_496;ovat;1
1505;41/2023;2023_41_496;paljon;1
1505;41/2023;2023_41_496;panostetaan;1
1505;41/2023;2023_41_496;parannetaan;1
1505;41/2023;2023_41_496;parantaa;1
1505;41/2023;2023_41_496;parantamiseksi;1
1505;41/2023;2023_41_496;peruskoulujen;1
1505;41/2023;2023_41_496;perusopetuksen;3
1505;41/2023;2023_41_496;perusopetussuunnitelmaa;1
1505;41/2023;2023_41_496;perusta;1
1505;41/2023;2023_41_496;perustaidot;1
1505;41/2023;2023_41_496;perustaitojen;1
1505;41/2023;2023_41_496;pienentää;1
1505;41/2023;2023_41_496;pieni;1
1505;41/2023;2023_41_496;prosenttia;1
1505;41/2023;2023_41_496;psyykkisesti;1
1505;41/2023;2023_41_496;puhemies;4
1505;41/2023;2023_41_496;puhujan;1
1505;41/2023;2023_41_496;pysyvästi;1
1505;41/2023;2023_41_496;pysyä;1
1505;41/2023;2023_41_496;pärjätä;1
1505;41/2023;2023_41_496;rahaa;1
1505;41/2023;2023_41_496;rahoituksen;1
1505;41/2023;2023_41_496;rahoitusta;1
1505;41/2023;2023_41_496;riittävät;1
1505;41/2023;2023_41_496;romahtanut;1
1505;41/2023;2023_41_496;ryhmäkokoja;1
1505;41/2023;2023_41_496;salissa;1
1505;41/2023;2023_41_496;se;1
1505;41/2023;2023_41_496;sekä;4
1505;41/2023;2023_41_496;siis;2
1505;41/2023;2023_41_496;sillä;1
1505;41/2023;2023_41_496;sisällytetty;1
1505;41/2023;2023_41_496;sitoutuu;1
1505;41/2023;2023_41_496;sopeuttamistoimenpiteiden;1
1505;41/2023;2023_41_496;sosioekonomiset;1
1505;41/2023;2023_41_496;sulkeutuu;1
1505;41/2023;2023_41_496;suomalaisten;1
1505;41/2023;2023_41_496;suomi;1
1505;41/2023;2023_41_496;suorittaa;1
1505;41/2023;2023_41_496;suuren;1
1505;41/2023;2023_41_496;syksyllä;1
1505;41/2023;2023_41_496;taloudellisesti;1
1505;41/2023;2023_41_496;talouden;1
1505;41/2023;2023_41_496;talousarvioesitykseen;1
1505;41/2023;2023_41_496;talousarviossa;1
1505;41/2023;2023_41_496;tarja;1
1505;41/2023;2023_41_496;tarve;1
1505;41/2023;2023_41_496;tasa-arvoa;2
1505;41/2023;2023_41_496;tasa-arvorahoituksen;1
1505;41/2023;2023_41_496;tasoa;1
1505;41/2023;2023_41_496;tasoittamaan;1
1505;41/2023;2023_41_496;tasolla;1
1505;41/2023;2023_41_496;tavoitteena;2
1505;41/2023;2023_41_496;tekijät;1
1505;41/2023;2023_41_496;tieteeseen;1
1505;41/2023;2023_41_496;toimenpiteisiin;1
1505;41/2023;2023_41_496;toimilla;1
1505;41/2023;2023_41_496;toimintakykyään;1
1505;41/2023;2023_41_496;toinen;1
1505;41/2023;2023_41_496;toisella;2
1505;41/2023;2023_41_496;toisen;1
1505;41/2023;2023_41_496;toki;1
1505;41/2023;2023_41_496;tuen;2
1505;41/2023;2023_41_496;tuetaan;1
1505;41/2023;2023_41_496;tukemiseen;2
1505;41/2023;2023_41_496;tulevaisuudesta;1
1505;41/2023;2023_41_496;tulevaisuus;1
1505;41/2023;2023_41_496;tulevankin;1
1505;41/2023;2023_41_496;tutkijakoulutukseen;1
1505;41/2023;2023_41_496;tutkimukseen;1
1505;41/2023;2023_41_496;tutkimus;2
1505;41/2023;2023_41_496;tutkimusrahoitukseen;1
1505;41/2023;2023_41_496;tutkitusti;1
1505;41/2023;2023_41_496;työajasta;1
1505;41/2023;2023_41_496;tämä;4
1505;41/2023;2023_41_496;tänä;1
1505;41/2023;2023_41_496;tänään;1
1505;41/2023;2023_41_496;tärkeää;1
1505;41/2023;2023_41_496;täällä;1
1505;41/2023;2023_41_496;useita;1
1505;41/2023;2023_41_496;vaalikauden;1
1505;41/2023;2023_41_496;vahvistaa;1
1505;41/2023;2023_41_496;vahvistetaan;1
1505;41/2023;2023_41_496;vaikuttavaa;1
1505;41/2023;2023_41_496;vaikuttavia;1
1505;41/2023;2023_41_496;varapuhemies;1
1505;41/2023;2023_41_496;varhaiskasvatuksen;1
1505;41/2023;2023_41_496;varmistetaan;2
1505;41/2023;2023_41_496;varsinaisessa;1
1505;41/2023;2023_41_496;vastinrahoitukseen;1
1505;41/2023;2023_41_496;verrattuna;1
1505;41/2023;2023_41_496;vie;1
1505;41/2023;2023_41_496;viikkotunnilla;1
1505;41/2023;2023_41_496;voimaan;1
1505;41/2023;2023_41_496;voivat;1
1505;41/2023;2023_41_496;vuodelle;1
1505;41/2023;2023_41_496;vuoden;2
1505;41/2023;2023_41_496;vuonna;2
1505;41/2023;2023_41_496;vuoteen;1
1505;41/2023;2023_41_496;vähimmäistuntimäärää;1
1505;41/2023;2023_41_496;yhteiskuntamme;1
1505;41/2023;2023_41_496;yritysten;1
1505;44/2024;2024_44_127;ammattikunta;1
1505;44/2024;2024_44_127;arvoisa;1
1505;44/2024;2024_44_127;byrokratiaa;1
1505;44/2024;2024_44_127;ehkä;1
1505;44/2024;2024_44_127;ei;1
1505;44/2024;2024_44_127;elomaakin;1
1505;44/2024;2024_44_127;enempää;2
1505;44/2024;2024_44_127;erinomainen;1
1505;44/2024;2024_44_127;esityksessäkin;1
1505;44/2024;2024_44_127;eteenpäinviemisen;1
1505;44/2024;2024_44_127;että;3
1505;44/2024;2024_44_127;eun;1
1505;44/2024;2024_44_127;hetkellä;1
1505;44/2024;2024_44_127;huomioida;1
1505;44/2024;2024_44_127;hyvää;1
1505;44/2024;2024_44_127;ja;6
1505;44/2024;2024_44_127;kalmari;1
1505;44/2024;2024_44_127;kannatettavaa;1
1505;44/2024;2024_44_127;kannattaa;1
1505;44/2024;2024_44_127;kiitos;1
1505;44/2024;2024_44_127;kohdalla;1
1505;44/2024;2024_44_127;kohtelu;1
1505;44/2024;2024_44_127;koko;1
1505;44/2024;2024_44_127;kriteerit;1
1505;44/2024;2024_44_127;kuin;1
1505;44/2024;2024_44_127;kun;1
1505;44/2024;2024_44_127;kunto;1
1505;44/2024;2024_44_127;kuten;1
1505;44/2024;2024_44_127;kuullaan;1
1505;44/2024;2024_44_127;lisätä;1
1505;44/2024;2024_44_127;mainitsi;1
1505;44/2024;2024_44_127;mainittiin;1
1505;44/2024;2024_44_127;me;1
1505;44/2024;2024_44_127;meillä;1
1505;44/2024;2024_44_127;mielessä;1
1505;44/2024;2024_44_127;mieltä;1
1505;44/2024;2024_44_127;mutta;1
1505;44/2024;2024_44_127;myötä;1
1505;44/2024;2024_44_127;niin;2
1505;44/2024;2024_44_127;nämä;1
1505;44/2024;2024_44_127;olen;1
1505;44/2024;2024_44_127;ollaan;1
1505;44/2024;2024_44_127;on;3
1505;44/2024;2024_44_127;ovat;2
1505;44/2024;2024_44_127;pienenee;1
1505;44/2024;2024_44_127;pohditaan;1
1505;44/2024;2024_44_127;puhemies;1
1505;44/2024;2024_44_127;päivittäin;1
1505;44/2024;2024_44_127;pöytään;1
1505;44/2024;2024_44_127;samaa;1
1505;44/2024;2024_44_127;selkeys;1
1505;44/2024;2024_44_127;sen;2
1505;44/2024;2024_44_127;siinä;1
1505;44/2024;2024_44_127;silakan;1
1505;44/2024;2024_44_127;silakasta;1
1505;44/2024;2024_44_127;silakkaa;1
1505;44/2024;2024_44_127;sitten;2
1505;44/2024;2024_44_127;suomessahan;1
1505;44/2024;2024_44_127;taivassalossa;1
1505;44/2024;2024_44_127;tarvitsee;1
1505;44/2024;2024_44_127;tasapuolinen;1
1505;44/2024;2024_44_127;tasolla;1
1505;44/2024;2024_44_127;tehdyt;1
1505;44/2024;2024_44_127;tekevät;1
1505;44/2024;2024_44_127;tietysti;2
1505;44/2024;2024_44_127;todetaan;1
1505;44/2024;2024_44_127;toimenpiteet;1
1505;44/2024;2024_44_127;toivon;1
1505;44/2024;2024_44_127;toki;1
1505;44/2024;2024_44_127;tulisi;1
1505;44/2024;2024_44_127;tulosta;1
1505;44/2024;2024_44_127;tunnollisia;1
1505;44/2024;2024_44_127;tuodaan;1
1505;44/2024;2024_44_127;tuottaneet;1
1505;44/2024;2024_44_127;tuskin;1
1505;44/2024;2024_44_127;työtä;1
1505;44/2024;2024_44_127;tähän;1
1505;44/2024;2024_44_127;tällä;1
1505;44/2024;2024_44_127;tämän;2
1505;44/2024;2024_44_127;tässä;3
1505;44/2024;2024_44_127;tätä;2
1505;44/2024;2024_44_127;valiokunnassa;1
1505;44/2024;2024_44_127;valvontaan;1
1505;44/2024;2024_44_127;valvontasäädökset;1
1505;44/2024;2024_44_127;viranomaiset;1
1505;44/2024;2024_44_127;virkoja;1
1505;44/2024;2024_44_155;altistamme;1
1505;44/2024;2024_44_155;alueella;1
1505;44/2024;2024_44_155;arvoisa;1
1505;44/2024;2024_44_155;edustaja;1
1505;44/2024;2024_44_155;elintarvikeketjun;1
1505;44/2024;2024_44_155;emme;1
1505;44/2024;2024_44_155;ennen;1
1505;44/2024;2024_44_155;että;1
1505;44/2024;2024_44_155;eu-vaatimusten;1
1505;44/2024;2024_44_155;eun;2
1505;44/2024;2024_44_155;euroopan;1
1505;44/2024;2024_44_155;huoltovarmuus;1
1505;44/2024;2024_44_155;hyvä;1
1505;44/2024;2024_44_155;hyväksyttyjä;1
1505;44/2024;2024_44_155;ihan;1
1505;44/2024;2024_44_155;ja;7
1505;44/2024;2024_44_155;joiden;1
1505;44/2024;2024_44_155;jäsenvaltiossa;1
1505;44/2024;2024_44_155;kaikkea;1
1505;44/2024;2024_44_155;kaikkiin;1
1505;44/2024;2024_44_155;kansallisesti;1
1505;44/2024;2024_44_155;kasvinsuojeluaineihin;1
1505;44/2024;2024_44_155;kasvinsuojeluaineissa;1
1505;44/2024;2024_44_155;kiellä;1
1505;44/2024;2024_44_155;kiitos;1
1505;44/2024;2024_44_155;kilpailukyky;1
1505;44/2024;2024_44_155;korkea;1
1505;44/2024;2024_44_155;kriteerit;1
1505;44/2024;2024_44_155;kuin;1
1505;44/2024;2024_44_155;kuitenkin;1
1505;44/2024;2024_44_155;kuluttajalle;1
1505;44/2024;2024_44_155;kun;1
1505;44/2024;2024_44_155;kysymykseni;1
1505;44/2024;2024_44_155;käyttämättömyyden;1
1505;44/2024;2024_44_155;lain;1
1505;44/2024;2024_44_155;lakeihin;1
1505;44/2024;2024_44_155;liittyen;1
1505;44/2024;2024_44_155;maatalouden;1
1505;44/2024;2024_44_155;mahdollisille;1
1505;44/2024;2024_44_155;markkinoilla;1
1505;44/2024;2024_44_155;me;1
1505;44/2024;2024_44_155;meidän;1
1505;44/2024;2024_44_155;menetetty;1
1505;44/2024;2024_44_155;mikä;1
1505;44/2024;2024_44_155;mikäli;1
1505;44/2024;2024_44_155;mitä;1
1505;44/2024;2024_44_155;muistettava;1
1505;44/2024;2024_44_155;myös;1
1505;44/2024;2024_44_155;ne;1
1505;44/2024;2024_44_155;näihin;1
1505;44/2024;2024_44_155;ohessa;1
1505;44/2024;2024_44_155;oikea-aikaisesti;1
1505;44/2024;2024_44_155;oikeastaan;1
1505;44/2024;2024_44_155;olemme;1
1505;44/2024;2024_44_155;oma;1
1505;44/2024;2024_44_155;on;6
1505;44/2024;2024_44_155;onnistuneet;1
1505;44/2024;2024_44_155;ovat;2
1505;44/2024;2024_44_155;peli;1
1505;44/2024;2024_44_155;peltomme;1
1505;44/2024;2024_44_155;puhemies;1
1505;44/2024;2024_44_155;puumme;1
1505;44/2024;2024_44_155;riippuu;1
1505;44/2024;2024_44_155;rouva;1
1505;44/2024;2024_44_155;sama;1
1505;44/2024;2024_44_155;samoilla;1
1505;44/2024;2024_44_155;selkeät;1
1505;44/2024;2024_44_155;siitä;1
1505;44/2024;2024_44_155;suojeluaineita;1
1505;44/2024;2024_44_155;suomessa;1
1505;44/2024;2024_44_155;säädämme;1
1505;44/2024;2024_44_155;sääntelyn;1
1505;44/2024;2024_44_155;tai;1
1505;44/2024;2024_44_155;tarkoituksena;1
1505;44/2024;2024_44_155;tarvitaan;1
1505;44/2024;2024_44_155;taso;1
1505;44/2024;2024_44_155;tavoite;1
1505;44/2024;2024_44_155;tehneet;1
1505;44/2024;2024_44_155;tehokkaasti;1
1505;44/2024;2024_44_155;tekevät;1
1505;44/2024;2024_44_155;todella;1
1505;44/2024;2024_44_155;tuholaisille;1
1505;44/2024;2024_44_155;tunnollista;1
1505;44/2024;2024_44_155;tuotaville;1
1505;44/2024;2024_44_155;tuotetiedot;1
1505;44/2024;2024_44_155;tuottajamme;1
1505;44/2024;2024_44_155;tuotteille;1
1505;44/2024;2024_44_155;turvallisuuden;1
1505;44/2024;2024_44_155;turvata;1
1505;44/2024;2024_44_155;työtä;1
1505;44/2024;2024_44_155;tällöinhän;1
1505;44/2024;2024_44_155;tämänkin;1
1505;44/2024;2024_44_155;tärkeintä;1
1505;44/2024;2024_44_155;tässähän;1
1505;44/2024;2024_44_155;täytäntöönpanoa;1
1505;44/2024;2024_44_155;ulkopuolelta;1
1505;44/2024;2024_44_155;unionin;1
1505;44/2024;2024_44_155;uudistaa;1
1505;44/2024;2024_44_155;valvotaanko;1
1505;44/2024;2024_44_155;viljasella;1
1505;44/2024;2024_44_155;virkamiehemme;1
1505;44/2024;2024_44_155;vuoksi;1
1505;44/2024;2024_44_155;yksinkertaistaa;1
1505;47/2023;2023_47_34;alueille;1
1505;47/2023;2023_47_34;arvoisa;1
1505;47/2023;2023_47_34;avulla;1
1505;47/2023;2023_47_34;datan;1
1505;47/2023;2023_47_34;ennakoida;1
1505;47/2023;2023_47_34;erityisesti;1
1505;47/2023;2023_47_34;esitys;1
1505;47/2023;2023_47_34;hallituksen;1
1505;47/2023;2023_47_34;hyödyllinen;1
1505;47/2023;2023_47_34;ilmenee;1
1505;47/2023;2023_47_34;ja;7
1505;47/2023;2023_47_34;joilla;1
1505;47/2023;2023_47_34;järjestää;1
1505;47/2023;2023_47_34;kannalta;1
1505;47/2023;2023_47_34;keruuta;1
1505;47/2023;2023_47_34;kiitos;1
1505;47/2023;2023_47_34;koska;1
1505;47/2023;2023_47_34;käytännön;1
1505;47/2023;2023_47_34;lasten;5
1505;47/2023;2023_47_34;lisäksi;1
1505;47/2023;2023_47_34;luotettavan;1
1505;47/2023;2023_47_34;myös;1
1505;47/2023;2023_47_34;myötä;1
1505;47/2023;2023_47_34;niille;1
1505;47/2023;2023_47_34;oikeuksien;1
1505;47/2023;2023_47_34;on;1
1505;47/2023;2023_47_34;paremmin;3
1505;47/2023;2023_47_34;perheiden;1
1505;47/2023;2023_47_34;perusteella;1
1505;47/2023;2023_47_34;pidän;1
1505;47/2023;2023_47_34;puhemies;1
1505;47/2023;2023_47_34;resursseja;1
1505;47/2023;2023_47_34;rouva;1
1505;47/2023;2023_47_34;saadun;1
1505;47/2023;2023_47_34;saaman;1
1505;47/2023;2023_47_34;sen;2
1505;47/2023;2023_47_34;siihen;1
1505;47/2023;2023_47_34;suunnata;1
1505;47/2023;2023_47_34;systemaattista;1
1505;47/2023;2023_47_34;tarpeita;1
1505;47/2023;2023_47_34;tarvetta;1
1505;47/2023;2023_47_34;tarvitseman;1
1505;47/2023;2023_47_34;tarvitsemia;1
1505;47/2023;2023_47_34;tarvittavia;1
1505;47/2023;2023_47_34;tasolla;1
1505;47/2023;2023_47_34;tiedon;1
1505;47/2023;2023_47_34;tiedonkeruusta;1
1505;47/2023;2023_47_34;toimijat;1
1505;47/2023;2023_47_34;toimijoille;1
1505;47/2023;2023_47_34;toteuttaa;1
1505;47/2023;2023_47_34;toteutumista;1
1505;47/2023;2023_47_34;tuen;4
1505;47/2023;2023_47_34;tämä;1
1505;47/2023;2023_47_34;tärkeä;1
1505;47/2023;2023_47_34;tärkeänä;1
1505;47/2023;2023_47_34;vahvistaa;1
1505;47/2023;2023_47_34;varhaiskasvatuksen;2
1505;47/2023;2023_47_34;varhaiskasvatuksessa;1
1505;47/2023;2023_47_34;varmistaa;1
1505;47/2023;2023_47_34;voidaan;1
1505;47/2023;2023_47_34;voivat;1
1505;47/2023;2023_47_34;yhdenmukaista;1
1505;54/2024;2024_54_186;aiemmin;1
1505;54/2024;2024_54_186;aiemminkin;1
1505;54/2024;2024_54_186;aiheutuu;1
1505;54/2024;2024_54_186;anna;1
1505;54/2024;2024_54_186;arvioitava;1
1505;54/2024;2024_54_186;arvoisa;2
1505;54/2024;2024_54_186;erityisesti;1
1505;54/2024;2024_54_186;esitti;1
1505;54/2024;2024_54_186;etenkin;1
1505;54/2024;2024_54_186;että;1
1505;54/2024;2024_54_186;haitat;1
1505;54/2024;2024_54_186;huumausaineeksi;1
1505;54/2024;2024_54_186;huumausaineiden;2
1505;54/2024;2024_54_186;huumausainelakien;1
1505;54/2024;2024_54_186;huumeet;1
1505;54/2024;2024_54_186;hyvin;1
1505;54/2024;2024_54_186;hyvä;1
1505;54/2024;2024_54_186;hyvänolontunteen;1
1505;54/2024;2024_54_186;ihan;1
1505;54/2024;2024_54_186;ilmeisesti;1
1505;54/2024;2024_54_186;itse;1
1505;54/2024;2024_54_186;ja;4
1505;54/2024;2024_54_186;jo;2
1505;54/2024;2024_54_186;kannabis;2
1505;54/2024;2024_54_186;kannabis-asia;1
1505;54/2024;2024_54_186;kannabista;1
1505;54/2024;2024_54_186;kansanterveyttä;1
1505;54/2024;2024_54_186;keinoja;1
1505;54/2024;2024_54_186;kiellettyjä;1
1505;54/2024;2024_54_186;kiitos;1
1505;54/2024;2024_54_186;kontula;1
1505;54/2024;2024_54_186;kriminalisaatiolla;1
1505;54/2024;2024_54_186;kuin;2
1505;54/2024;2024_54_186;kuormittumista;1
1505;54/2024;2024_54_186;kuten;1
1505;54/2024;2024_54_186;kyllä;2
1505;54/2024;2024_54_186;käytetään;1
1505;54/2024;2024_54_186;käytön;1
1505;54/2024;2024_54_186;listattu;1
1505;54/2024;2024_54_186;lisätään;2
1505;54/2024;2024_54_186;lisää;1
1505;54/2024;2024_54_186;lukuisia;1
1505;54/2024;2024_54_186;löytyy;1
1505;54/2024;2024_54_186;mainittiin;1
1505;54/2024;2024_54_186;meillä;1
1505;54/2024;2024_54_186;mielenterveyssairauksia;1
1505;54/2024;2024_54_186;mielestäni;1
1505;54/2024;2024_54_186;mieltä;1
1505;54/2024;2024_54_186;muassa;1
1505;54/2024;2024_54_186;mukaan;2
1505;54/2024;2024_54_186;muun;1
1505;54/2024;2024_54_186;niin;1
1505;54/2024;2024_54_186;nyt;1
1505;54/2024;2024_54_186;näin;1
1505;54/2024;2024_54_186;olen;1
1505;54/2024;2024_54_186;on;4
1505;54/2024;2024_54_186;ovat;2
1505;54/2024;2024_54_186;poliisissa;1
1505;54/2024;2024_54_186;psykoosi;1
1505;54/2024;2024_54_186;puhemies;2
1505;54/2024;2024_54_186;riittävästi;1
1505;54/2024;2024_54_186;rikkomuksesta;1
1505;54/2024;2024_54_186;rikoslain;2
1505;54/2024;2024_54_186;rouva;2
1505;54/2024;2024_54_186;salissa;1
1505;54/2024;2024_54_186;sallittujakin;1
1505;54/2024;2024_54_186;sanktio;1
1505;54/2024;2024_54_186;sekä;1
1505;54/2024;2024_54_186;sitä;1
1505;54/2024;2024_54_186;skitsofreniariskiä;1
1505;54/2024;2024_54_186;sosiaalisiakin;1
1505;54/2024;2024_54_186;sote-palveluissa;1
1505;54/2024;2024_54_186;taloudellisia;1
1505;54/2024;2024_54_186;tarkoitukseen;1
1505;54/2024;2024_54_186;terveydellisiä;1
1505;54/2024;2024_54_186;toisin;1
1505;54/2024;2024_54_186;turvallisuutta;1
1505;54/2024;2024_54_186;tähän;1
1505;54/2024;2024_54_186;tämä;2
1505;54/2024;2024_54_186;täällä;2
1505;54/2024;2024_54_186;vuoksi;1
1505;54/2024;2024_54_186;yksiselitteinen;1
1505;55/2023;2023_55_134;aina;1
1505;55/2023;2023_55_134;arvioitava;1
1505;55/2023;2023_55_134;arvoisa;1
1505;55/2023;2023_55_134;asiakkaiden;1
1505;55/2023;2023_55_134;asianmukaisesti;1
1505;55/2023;2023_55_134;edellyttämää;1
1505;55/2023;2023_55_134;edellä;1
1505;55/2023;2023_55_134;heidän;1
1505;55/2023;2023_55_134;heille;2
1505;55/2023;2023_55_134;henkilöiden;1
1505;55/2023;2023_55_134;henkilöille;1
1505;55/2023;2023_55_134;henkilöstö;1
1505;55/2023;2023_55_134;henkilöstömäärän;1
1505;55/2023;2023_55_134;hoitajamitoitus;1
1505;55/2023;2023_55_134;hoito;2
1505;55/2023;2023_55_134;hoitohenkilöstön;2
1505;55/2023;2023_55_134;hoitoisuuden;1
1505;55/2023;2023_55_134;huolenpito;1
1505;55/2023;2023_55_134;hyviin;1
1505;55/2023;2023_55_134;hyvä;1
1505;55/2023;2023_55_134;iäkkäiden;1
1505;55/2023;2023_55_134;iäkkäille;1
1505;55/2023;2023_55_134;ja;13
1505;55/2023;2023_55_134;johtuen;1
1505;55/2023;2023_55_134;jonka;1
1505;55/2023;2023_55_134;koulutus;1
1505;55/2023;2023_55_134;ksi;1
1505;55/2023;2023_55_134;laadukasta;1
1505;55/2023;2023_55_134;laadukkaat;1
1505;55/2023;2023_55_134;laadukkaita;1
1505;55/2023;2023_55_134;lain;1
1505;55/2023;2023_55_134;mainittujen;1
1505;55/2023;2023_55_134;mitoituksen;1
1505;55/2023;2023_55_134;mitoitus;1
1505;55/2023;2023_55_134;muassa;1
1505;55/2023;2023_55_134;mukaan;1
1505;55/2023;2023_55_134;mukaisesti;3
1505;55/2023;2023_55_134;muun;1
1505;55/2023;2023_55_134;myös;1
1505;55/2023;2023_55_134;määriteltävä;1
1505;55/2023;2023_55_134;määrä;2
1505;55/2023;2023_55_134;määräytyvät;1
1505;55/2023;2023_55_134;määrää;1
1505;55/2023;2023_55_134;määräävät;1
1505;55/2023;2023_55_134;niiden;1
1505;55/2023;2023_55_134;näiden;1
1505;55/2023;2023_55_134;näin;1
1505;55/2023;2023_55_134;näyttöön;1
1505;55/2023;2023_55_134;ollen;1
1505;55/2023;2023_55_134;oltava;3
1505;55/2023;2023_55_134;oman;1
1505;55/2023;2023_55_134;on;7
1505;55/2023;2023_55_134;palveluja;1
1505;55/2023;2023_55_134;palvelujen;1
1505;55/2023;2023_55_134;palvelun;1
1505;55/2023;2023_55_134;palveluntarve;1
1505;55/2023;2023_55_134;palvelut;1
1505;55/2023;2023_55_134;periaatteiden;1
1505;55/2023;2023_55_134;perustua;1
1505;55/2023;2023_55_134;perustuttava;1
1505;55/2023;2023_55_134;potilaiden;3
1505;55/2023;2023_55_134;puhemies;1
1505;55/2023;2023_55_134;rakenne;1
1505;55/2023;2023_55_134;ratkaisuja;1
1505;55/2023;2023_55_134;riittävyyden;1
1505;55/2023;2023_55_134;rouva;1
1505;55/2023;2023_55_134;saavien;1
1505;55/2023;2023_55_134;sekä;1
1505;55/2023;2023_55_134;sosiaali;1
1505;55/2023;2023_55_134;sote-palveluiden;1
1505;55/2023;2023_55_134;suuremmaksi;1
1505;55/2023;2023_55_134;tai;1
1505;55/2023;2023_55_134;tapauskohtaisesti;1
1505;55/2023;2023_55_134;tarjottavien;1
1505;55/2023;2023_55_134;tarpeiden;1
1505;55/2023;2023_55_134;tarpeisiin;1
1505;55/2023;2023_55_134;tarvetta;1
1505;55/2023;2023_55_134;tarvitaan;1
1505;55/2023;2023_55_134;tehtävärakenne;1
1505;55/2023;2023_55_134;teknologisia;1
1505;55/2023;2023_55_134;terveydenhuollon;1
1505;55/2023;2023_55_134;terveyspalvelujen;1
1505;55/2023;2023_55_134;tilaratkaisujen;1
1505;55/2023;2023_55_134;toiminnan;3
1505;55/2023;2023_55_134;toimintakyky;1
1505;55/2023;2023_55_134;toimintakykynsä;1
1505;55/2023;2023_55_134;toimintakäytäntöihin;1
1505;55/2023;2023_55_134;toimintayksikön;1
1505;55/2023;2023_55_134;toimintayksikössä;1
1505;55/2023;2023_55_134;toteutettua;1
1505;55/2023;2023_55_134;tulee;1
1505;55/2023;2023_55_134;turvaamiseksi;1
1505;55/2023;2023_55_134;turvaavat;1
1505;55/2023;2023_55_134;turvallista;1
1505;55/2023;2023_55_134;turvattava;1
1505;55/2023;2023_55_134;vaihtelevuudesta;1
1505;55/2023;2023_55_134;vaihtuvuuden;1
1505;55/2023;2023_55_134;vastaavat;1
1505;55/2023;2023_55_134;vähintään;1
1505;55/2023;2023_55_134;yksikkönsä;1
1505;55/2023;2023_55_134;yksiköiden;1
1505;55/2023;2023_55_168;aikaan;1
1505;55/2023;2023_55_168;aikana;1
1505;55/2023;2023_55_168;arvioidaan;1
1505;55/2023;2023_55_168;arvoisa;1
1505;55/2023;2023_55_168;asemaa;1
1505;55/2023;2023_55_168;edistää;1
1505;55/2023;2023_55_168;edun;1
1505;55/2023;2023_55_168;elikkä;1
1505;55/2023;2023_55_168;eriarvoisuutta;1
1505;55/2023;2023_55_168;esityksen;1
1505;55/2023;2023_55_168;esitys;1
1505;55/2023;2023_55_168;että;1
1505;55/2023;2023_55_168;hallituksen;2
1505;55/2023;2023_55_168;hyvinvointia;1
1505;55/2023;2023_55_168;hänellä;1
1505;55/2023;2023_55_168;ja;4
1505;55/2023;2023_55_168;jatkossa;1
1505;55/2023;2023_55_168;kannalta;1
1505;55/2023;2023_55_168;kasvua;1
1505;55/2023;2023_55_168;kehitystä;1
1505;55/2023;2023_55_168;koko;2
1505;55/2023;2023_55_168;koskevan;1
1505;55/2023;2023_55_168;koulukotien;1
1505;55/2023;2023_55_168;koulukotiin;2
1505;55/2023;2023_55_168;koulukotikorotuksen;1
1505;55/2023;2023_55_168;koulukotisijoituksen;1
1505;55/2023;2023_55_168;koulutuksellisen;1
1505;55/2023;2023_55_168;koulutuksen;1
1505;55/2023;2023_55_168;kun;1
1505;55/2023;2023_55_168;lapsen;1
1505;55/2023;2023_55_168;lasten;1
1505;55/2023;2023_55_168;lastensuojelu;2
1505;55/2023;2023_55_168;läsnäolopäivien;1
1505;55/2023;2023_55_168;mahdollisuus;1
1505;55/2023;2023_55_168;mihin;1
1505;55/2023;2023_55_168;mukaan;1
1505;55/2023;2023_55_168;ne;1
1505;55/2023;2023_55_168;nuorten;1
1505;55/2023;2023_55_168;on;5
1505;55/2023;2023_55_168;onnistuessaan;1
1505;55/2023;2023_55_168;opiskelijoista;1
1505;55/2023;2023_55_168;opiskelumahdollisuuksia;1
1505;55/2023;2023_55_168;oppivelvollisen;1
1505;55/2023;2023_55_168;osalta;1
1505;55/2023;2023_55_168;palvelujärjestelmän;1
1505;55/2023;2023_55_168;parantaisi;1
1505;55/2023;2023_55_168;parantavan;1
1505;55/2023;2023_55_168;paremmin;1
1505;55/2023;2023_55_168;puhemies;1
1505;55/2023;2023_55_168;rahoitus;1
1505;55/2023;2023_55_168;riippumatta;1
1505;55/2023;2023_55_168;saisivat;1
1505;55/2023;2023_55_168;sekä;1
1505;55/2023;2023_55_168;siitä;1
1505;55/2023;2023_55_168;sijoitettujen;2
1505;55/2023;2023_55_168;sijoitetun;1
1505;55/2023;2023_55_168;sijoitus;1
1505;55/2023;2023_55_168;sijoituspaikkakunnilla;1
1505;55/2023;2023_55_168;sillä;1
1505;55/2023;2023_55_168;syrjäytymistä;1
1505;55/2023;2023_55_168;tapahtunut;1
1505;55/2023;2023_55_168;tehtävä;1
1505;55/2023;2023_55_168;torjumalla;1
1505;55/2023;2023_55_168;toteutumisen;1
1505;55/2023;2023_55_168;toteutuneiden;1
1505;55/2023;2023_55_168;turvallisuutta;1
1505;55/2023;2023_55_168;tutkintoon;1
1505;55/2023;2023_55_168;tuva-koulutukseen;1
1505;55/2023;2023_55_168;tuva-koulutuksen;2
1505;55/2023;2023_55_168;tämä;1
1505;55/2023;2023_55_168;tärkeää;1
1505;55/2023;2023_55_168;täsmällisesti;1
1505;55/2023;2023_55_168;uusilla;1
1505;55/2023;2023_55_168;valmistavan;1
1505;55/2023;2023_55_168;varmasti;1
1505;55/2023;2023_55_168;varmistettu;1
1505;55/2023;2023_55_168;vuodesta;1
1505;55/2023;2023_55_168;yhdenvertaisuuden;1
1505;55/2023;2023_55_168;yhteinen;1
1505;55/2023;2023_55_168;yhteiskunnan;1
1505;55/2023;2023_55_168;yksityisten;1
1505;56/2024;2024_56_110;aa;1
1505;56/2024;2024_56_110;aiheutunut;1
1505;56/2024;2024_56_110;ammattikorkeakouluissa;1
1505;56/2024;2024_56_110;arvoisa;1
1505;56/2024;2024_56_110;budjetti;1
1505;56/2024;2024_56_110;edelleen;1
1505;56/2024;2024_56_110;edullinen;1
1505;56/2024;2024_56_110;ei;2
1505;56/2024;2024_56_110;ennalta;1
1505;56/2024;2024_56_110;entistä;1
1505;56/2024;2024_56_110;eri;1
1505;56/2024;2024_56_110;erittäin;2
1505;56/2024;2024_56_110;erityisesti;1
1505;56/2024;2024_56_110;esimerkiksi;2
1505;56/2024;2024_56_110;esityksen;1
1505;56/2024;2024_56_110;eta-alueen;3
1505;56/2024;2024_56_110;että;1
1505;56/2024;2024_56_110;eu;3
1505;56/2024;2024_56_110;hakemuksia;1
1505;56/2024;2024_56_110;hakeutuvat;1
1505;56/2024;2024_56_110;hakijaa;1
1505;56/2024;2024_56_110;hakijoita;1
1505;56/2024;2024_56_110;hienot;1
1505;56/2024;2024_56_110;huolimatta;1
1505;56/2024;2024_56_110;hän;1
1505;56/2024;2024_56_110;ja;10
1505;56/2024;2024_56_110;jatkossakin;1
1505;56/2024;2024_56_110;joissa;1
1505;56/2024;2024_56_110;jos;1
1505;56/2024;2024_56_110;julkista;1
1505;56/2024;2024_56_110;jälkeen;1
1505;56/2024;2024_56_110;järjestetään;1
1505;56/2024;2024_56_110;kansainvälisesti;1
1505;56/2024;2024_56_110;kasvavan;1
1505;56/2024;2024_56_110;kiitos;1
1505;56/2024;2024_56_110;kilpakumppaneihinsa;1
1505;56/2024;2024_56_110;kohden;1
1505;56/2024;2024_56_110;kohdennu;1
1505;56/2024;2024_56_110;kohtuuttomia;1
1505;56/2024;2024_56_110;korkeakouluissa;1
1505;56/2024;2024_56_110;korkeakoululle;1
1505;56/2024;2024_56_110;korkeakoulut;1
1505;56/2024;2024_56_110;korkeakoulutuksen;1
1505;56/2024;2024_56_110;korkeammista;1
1505;56/2024;2024_56_110;koska;2
1505;56/2024;2024_56_110;koulutukseen;1
1505;56/2024;2024_56_110;koulutuksiin;1
1505;56/2024;2024_56_110;koulutusta;1
1505;56/2024;2024_56_110;kulurakenne;1
1505;56/2024;2024_56_110;kun;2
1505;56/2024;2024_56_110;kyllä;1
1505;56/2024;2024_56_110;laadukasta;1
1505;56/2024;2024_56_110;laajentamisen;1
1505;56/2024;2024_56_110;laitteet;1
1505;56/2024;2024_56_110;lakimuutosesitys;1
1505;56/2024;2024_56_110;laskettu;2
1505;56/2024;2024_56_110;lisäksi;1
1505;56/2024;2024_56_110;lukukausimaksuista;1
1505;56/2024;2024_56_110;lukukausimaksun;1
1505;56/2024;2024_56_110;lukuvuosimaksun;1
1505;56/2024;2024_56_110;lukuvuosimaksuvelvollisena;1
1505;56/2024;2024_56_110;maahan;1
1505;56/2024;2024_56_110;mahdollistaa;1
1505;56/2024;2024_56_110;maksuiltaan;1
1505;56/2024;2024_56_110;maksusta;1
1505;56/2024;2024_56_110;mallissa;1
1505;56/2024;2024_56_110;materiaalikulut;1
1505;56/2024;2024_56_110;materiaalit;1
1505;56/2024;2024_56_110;motivoituneempia;1
1505;56/2024;2024_56_110;mukaan;1
1505;56/2024;2024_56_110;muutoksen;1
1505;56/2024;2024_56_110;myös;3
1505;56/2024;2024_56_110;myötä;1
1505;56/2024;2024_56_110;määrän;1
1505;56/2024;2024_56_110;niin;1
1505;56/2024;2024_56_110;nykyaikaiset;1
1505;56/2024;2024_56_110;nykyisestä;1
1505;56/2024;2024_56_110;nyt;1
1505;56/2024;2024_56_110;nähden;1
1505;56/2024;2024_56_110;näin;2
1505;56/2024;2024_56_110;näitä;1
1505;56/2024;2024_56_110;näyttöä;1
1505;56/2024;2024_56_110;olemaan;1
1505;56/2024;2024_56_110;oleskelulupansa;1
1505;56/2024;2024_56_110;olettaa;1
1505;56/2024;2024_56_110;ollut;1
1505;56/2024;2024_56_110;on;9
1505;56/2024;2024_56_110;opettajat;1
1505;56/2024;2024_56_110;opinto-ohjelmiin;1
1505;56/2024;2024_56_110;opintotarjonnan;1
1505;56/2024;2024_56_110;opiskelija;2
1505;56/2024;2024_56_110;opiskelijan;1
1505;56/2024;2024_56_110;opiskelijasta;1
1505;56/2024;2024_56_110;opiskelijoiden;1
1505;56/2024;2024_56_110;opiskelijoille;2
1505;56/2024;2024_56_110;opiskelijoita;1
1505;56/2024;2024_56_110;opiskelulupastatuksensa;1
1505;56/2024;2024_56_110;opiskeluluvalla;1
1505;56/2024;2024_56_110;opiskelupaikkaa;1
1505;56/2024;2024_56_110;ovat;1
1505;56/2024;2024_56_110;periminen;1
1505;56/2024;2024_56_110;pohjoismaisiin;1
1505;56/2024;2024_56_110;puhemies;1
1505;56/2024;2024_56_110;rahoitusta;1
1505;56/2024;2024_56_110;resurssit;1
1505;56/2024;2024_56_110;rouva;1
1505;56/2024;2024_56_110;runsaasti;1
1505;56/2024;2024_56_110;ruotsista;1
1505;56/2024;2024_56_110;sanotun;1
1505;56/2024;2024_56_110;se;1
1505;56/2024;2024_56_110;sekä;1
1505;56/2024;2024_56_110;simulaatioluokat;1
1505;56/2024;2024_56_110;sitten;2
1505;56/2024;2024_56_110;sitä;1
1505;56/2024;2024_56_110;suomalaiset;1
1505;56/2024;2024_56_110;suomi;1
1505;56/2024;2024_56_110;suunnitteluun;1
1505;56/2024;2024_56_110;suuria;1
1505;56/2024;2024_56_110;säilyisi;1
1505;56/2024;2024_56_110;säilymään;1
1505;56/2024;2024_56_110;talouden;1
1505;56/2024;2024_56_110;tarjoavat;1
1505;56/2024;2024_56_110;tarjonnan;1
1505;56/2024;2024_56_110;tarkkaan;1
1505;56/2024;2024_56_110;tilanne;1
1505;56/2024;2024_56_110;tilat;1
1505;56/2024;2024_56_110;tukea;1
1505;56/2024;2024_56_110;tulee;2
1505;56/2024;2024_56_110;tulekaan;1
1505;56/2024;2024_56_110;tulevaisuudessa;1
1505;56/2024;2024_56_110;tulevien;1
1505;56/2024;2024_56_110;tuleville;1
1505;56/2024;2024_56_110;tullut;1
1505;56/2024;2024_56_110;tulo;1
1505;56/2024;2024_56_110;tutkimusta;1
1505;56/2024;2024_56_110;työllistymiseen;1
1505;56/2024;2024_56_110;työperustaiseksi;2
1505;56/2024;2024_56_110;tämä;1
1505;56/2024;2024_56_110;tärkeää;1
1505;56/2024;2024_56_110;tässä;1
1505;56/2024;2024_56_110;tästä;1
1505;56/2024;2024_56_110;täyskatteellisen;1
1505;56/2024;2024_56_110;ulkopuolelta;3
1505;56/2024;2024_56_110;vaihtaa;1
1505;56/2024;2024_56_110;vaihtaisi;1
1505;56/2024;2024_56_110;vaikeuksia;1
1505;56/2024;2024_56_110;vaikka;1
1505;56/2024;2024_56_110;valituille;1
1505;56/2024;2024_56_110;vanhassa;1
1505;56/2024;2024_56_110;vapautunut;1
1505;56/2024;2024_56_110;vertailtuna;1
1505;56/2024;2024_56_110;vetovoima;1
1505;56/2024;2024_56_110;voi;1
1505;56/2024;2024_56_110;voinut;1
1505;56/2024;2024_56_110;yli;1
1505;58/2024;2024_58_157;aiemmilta;1
1505;58/2024;2024_58_157;aikaiseksi;1
1505;58/2024;2024_58_157;aikana;1
1505;58/2024;2024_58_157;ajattelen;1
1505;58/2024;2024_58_157;aktiivisuutta;1
1505;58/2024;2024_58_157;aktivoitua;1
1505;58/2024;2024_58_157;alojen;1
1505;58/2024;2024_58_157;arvoisa;1
1505;58/2024;2024_58_157;asenteen;1
1505;58/2024;2024_58_157;asiassa;1
1505;58/2024;2024_58_157;edistäminen;3
1505;58/2024;2024_58_157;edistämistoimista;1
1505;58/2024;2024_58_157;edistää;2
1505;58/2024;2024_58_157;eivät;1
1505;58/2024;2024_58_157;elintapaohjausta;1
1505;58/2024;2024_58_157;elämäntavan;1
1505;58/2024;2024_58_157;elämäntavat;1
1505;58/2024;2024_58_157;enemmän;1
1505;58/2024;2024_58_157;ennen;1
1505;58/2024;2024_58_157;entisestään;1
1505;58/2024;2024_58_157;eri;2
1505;58/2024;2024_58_157;erilaisia;1
1505;58/2024;2024_58_157;erinomaiset;2
1505;58/2024;2024_58_157;erinomaisia;1
1505;58/2024;2024_58_157;erittäin;1
1505;58/2024;2024_58_157;esimerkiksi;3
1505;58/2024;2024_58_157;että;3
1505;58/2024;2024_58_157;fyysistä;1
1505;58/2024;2024_58_157;haitat;1
1505;58/2024;2024_58_157;hallituksen;1
1505;58/2024;2024_58_157;hallitus;1
1505;58/2024;2024_58_157;hallitusohjelman;1
1505;58/2024;2024_58_157;haluttaisiin;1
1505;58/2024;2024_58_157;henkilökohtaisesti;1
1505;58/2024;2024_58_157;hetki;1
1505;58/2024;2024_58_157;hienoa;1
1505;58/2024;2024_58_157;huolimatta;1
1505;58/2024;2024_58_157;huomattavasti;1
1505;58/2024;2024_58_157;huomattu;1
1505;58/2024;2024_58_157;huomioidaan;2
1505;58/2024;2024_58_157;huomioon;1
1505;58/2024;2024_58_157;hyvinvointialueiden;1
1505;58/2024;2024_58_157;hyvinvointialueilla;1
1505;58/2024;2024_58_157;hyvä;1
1505;58/2024;2024_58_157;hyödyistä;1
1505;58/2024;2024_58_157;hyödyntäen;1
1505;58/2024;2024_58_157;ikäryhmässä;1
1505;58/2024;2024_58_157;itsekin;1
1505;58/2024;2024_58_157;itsensä;2
1505;58/2024;2024_58_157;ja;20
1505;58/2024;2024_58_157;jaossa;1
1505;58/2024;2024_58_157;jatkossakin;1
1505;58/2024;2024_58_157;jo;1
1505;58/2024;2024_58_157;joilla;1
1505;58/2024;2024_58_157;jokaisessa;1
1505;58/2024;2024_58_157;jokamiehenoikeudet;1
1505;58/2024;2024_58_157;jollain;1
1505;58/2024;2024_58_157;jos;1
1505;58/2024;2024_58_157;jotka;1
1505;58/2024;2024_58_157;jotta;1
1505;58/2024;2024_58_157;järjestämällä;1
1505;58/2024;2024_58_157;kai;1
1505;58/2024;2024_58_157;kaikessa;1
1505;58/2024;2024_58_157;kannustamalla;1
1505;58/2024;2024_58_157;kannustamisesta;1
1505;58/2024;2024_58_157;kannustavia;1
1505;58/2024;2024_58_157;kannustimia;1
1505;58/2024;2024_58_157;kansalaisen;1
1505;58/2024;2024_58_157;kansallista;1
1505;58/2024;2024_58_157;kansanterveyden;1
1505;58/2024;2024_58_157;kanssa;1
1505;58/2024;2024_58_157;kasvuun;1
1505;58/2024;2024_58_157;kaupungeissa;1
1505;58/2024;2024_58_157;kehittämis;1
1505;58/2024;2024_58_157;kehittää;1
1505;58/2024;2024_58_157;keinoja;1
1505;58/2024;2024_58_157;keinot;1
1505;58/2024;2024_58_157;kiitos;1
1505;58/2024;2024_58_157;koska;1
1505;58/2024;2024_58_157;koulutusaloilla;1
1505;58/2024;2024_58_157;koulutuspäiviin;1
1505;58/2024;2024_58_157;kuitenkin;2
1505;58/2024;2024_58_157;kunnissa;2
1505;58/2024;2024_58_157;kunnossa;1
1505;58/2024;2024_58_157;kuntien;1
1505;58/2024;2024_58_157;kuten;2
1505;58/2024;2024_58_157;kutsuntojen;1
1505;58/2024;2024_58_157;kävelykokouksia;1
1505;58/2024;2024_58_157;käyttöön;1
1505;58/2024;2024_58_157;kääntää;1
1505;58/2024;2024_58_157;lakialoite;1
1505;58/2024;2024_58_157;liian;1
1505;58/2024;2024_58_157;liikkeelle;1
1505;58/2024;2024_58_157;liikkua;1
1505;58/2024;2024_58_157;liikkumattomuus;1
1505;58/2024;2024_58_157;liikkumattomuutta;1
1505;58/2024;2024_58_157;liikkuminen;1
1505;58/2024;2024_58_157;liikkumiseen;2
1505;58/2024;2024_58_157;liikkumisen;1
1505;58/2024;2024_58_157;liikkumista;1
1505;58/2024;2024_58_157;liikkuu;2
1505;58/2024;2024_58_157;liikkuvat;1
1505;58/2024;2024_58_157;liikunnallisen;1
1505;58/2024;2024_58_157;liikunnan;4
1505;58/2024;2024_58_157;liikunta;1
1505;58/2024;2024_58_157;liikuntaa;2
1505;58/2024;2024_58_157;liikuntaan;1
1505;58/2024;2024_58_157;liikuntalääketiede;1
1505;58/2024;2024_58_157;liikuntaneuvontaa;1
1505;58/2024;2024_58_157;liikuntaosaamista;1
1505;58/2024;2024_58_157;liikuntapuitteet;1
1505;58/2024;2024_58_157;liikuntaryhmiä;1
1505;58/2024;2024_58_157;liikuntaseteleitä;1
1505;58/2024;2024_58_157;lisäksi;1
1505;58/2024;2024_58_157;lisätään;2
1505;58/2024;2024_58_157;luontoliikkumisen;1
1505;58/2024;2024_58_157;lähtökohtaisesti;2
1505;58/2024;2024_58_157;mahdollisuuksia;1
1505;58/2024;2024_58_157;mahdollisuus;1
1505;58/2024;2024_58_157;meidän;1
1505;58/2024;2024_58_157;meillä;4
1505;58/2024;2024_58_157;metsissä;1
1505;58/2024;2024_58_157;mielestäni;1
1505;58/2024;2024_58_157;mieltä;1
1505;58/2024;2024_58_157;miettiä;1
1505;58/2024;2024_58_157;mikä;1
1505;58/2024;2024_58_157;ministeriöiden;1
1505;58/2024;2024_58_157;miten;1
1505;58/2024;2024_58_157;monessa;1
1505;58/2024;2024_58_157;monin;1
1505;58/2024;2024_58_157;mukaista;1
1505;58/2024;2024_58_157;mutta;2
1505;58/2024;2024_58_157;muussakin;1
1505;58/2024;2024_58_157;muuta;1
1505;58/2024;2024_58_157;muutosta;1
1505;58/2024;2024_58_157;myös;3
1505;58/2024;2024_58_157;niin;1
1505;58/2024;2024_58_157;niitä;1
1505;58/2024;2024_58_157;nostaa;1
1505;58/2024;2024_58_157;nujerra;1
1505;58/2024;2024_58_157;näitä;1
1505;58/2024;2024_58_157;näkökulmasta;1
1505;58/2024;2024_58_157;ohjelmaa;1
1505;58/2024;2024_58_157;ohjelman;1
1505;58/2024;2024_58_157;oleellista;1
1505;58/2024;2024_58_157;olen;1
1505;58/2024;2024_58_157;olisi;1
1505;58/2024;2024_58_157;olosuhteet;1
1505;58/2024;2024_58_157;on;14
1505;58/2024;2024_58_157;osa;2
1505;58/2024;2024_58_157;osaksi;1
1505;58/2024;2024_58_157;otettava;1
1505;58/2024;2024_58_157;ovat;2
1505;58/2024;2024_58_157;paljon;2
1505;58/2024;2024_58_157;palkitaan;1
1505;58/2024;2024_58_157;passivoituu;1
1505;58/2024;2024_58_157;perusopetuslakiin;1
1505;58/2024;2024_58_157;pieni;1
1505;58/2024;2024_58_157;pitävät;1
1505;58/2024;2024_58_157;poikkihallinnollista;1
1505;58/2024;2024_58_157;poissa;1
1505;58/2024;2024_58_157;polarisoitunut;1
1505;58/2024;2024_58_157;portaiden;1
1505;58/2024;2024_58_157;puhemies;1
1505;58/2024;2024_58_157;puitteissa;1
1505;58/2024;2024_58_157;pärjäämme;1
1505;58/2024;2024_58_157;päätöksenteossa;1
1505;58/2024;2024_58_157;rahamäärällä;1
1505;58/2024;2024_58_157;rajoittamiseksi;1
1505;58/2024;2024_58_157;rajoituksia;1
1505;58/2024;2024_58_157;rakennettu;2
1505;58/2024;2024_58_157;roolissa;1
1505;58/2024;2024_58_157;saadaan;1
1505;58/2024;2024_58_157;saataisiin;1
1505;58/2024;2024_58_157;sairaslistoilta;1
1505;58/2024;2024_58_157;samaa;1
1505;58/2024;2024_58_157;samalla;1
1505;58/2024;2024_58_157;se;1
1505;58/2024;2024_58_157;selvitetään;1
1505;58/2024;2024_58_157;sen;1
1505;58/2024;2024_58_157;sillä;1
1505;58/2024;2024_58_157;sisäliikuntakohteita;1
1505;58/2024;2024_58_157;sisällyttämällä;1
1505;58/2024;2024_58_157;sisältöä;1
1505;58/2024;2024_58_157;siten;1
1505;58/2024;2024_58_157;sopeutettava;1
1505;58/2024;2024_58_157;sovittu;1
1505;58/2024;2024_58_157;strategioissa;1
1505;58/2024;2024_58_157;suomi;1
1505;58/2024;2024_58_157;suosimalla;1
1505;58/2024;2024_58_157;suunnitelmallista;1
1505;58/2024;2024_58_157;suurin;1
1505;58/2024;2024_58_157;suuruiset;1
1505;58/2024;2024_58_157;tai;1
1505;58/2024;2024_58_157;taloustilanteessa;1
1505;58/2024;2024_58_157;tapoja;1
1505;58/2024;2024_58_157;tarjoamalla;1
1505;58/2024;2024_58_157;tarjottu;1
1505;58/2024;2024_58_157;tarvitsemme;1
1505;58/2024;2024_58_157;taukojumppaan;1
1505;58/2024;2024_58_157;tavoin;1
1505;58/2024;2024_58_157;tavoite;1
1505;58/2024;2024_58_157;tavoitteena;1
1505;58/2024;2024_58_157;terveet;1
1505;58/2024;2024_58_157;terveyden;1
1505;58/2024;2024_58_157;terveysteknologian;1
1505;58/2024;2024_58_157;terveysvero;1
1505;58/2024;2024_58_157;tilanne;1
1505;58/2024;2024_58_157;toimenpiteet;1
1505;58/2024;2024_58_157;toimenpitein;1
1505;58/2024;2024_58_157;toimesta;1
1505;58/2024;2024_58_157;toimijoiden;1
1505;58/2024;2024_58_157;toimintakyvyn;1
1505;58/2024;2024_58_157;toimintamme;1
1505;58/2024;2024_58_157;toki;1
1505;58/2024;2024_58_157;toteuttaa;1
1505;58/2024;2024_58_157;totta;1
1505;58/2024;2024_58_157;tuetaan;1
1505;58/2024;2024_58_157;tunti;1
1505;58/2024;2024_58_157;tupakoinnin;2
1505;58/2024;2024_58_157;työajalla;1
1505;58/2024;2024_58_157;työnantajalle;1
1505;58/2024;2024_58_157;työnantajan;2
1505;58/2024;2024_58_157;työnantajien;1
1505;58/2024;2024_58_157;työntekijöiden;1
1505;58/2024;2024_58_157;työsopimuksen;1
1505;58/2024;2024_58_157;työssäjaksamista;1
1505;58/2024;2024_58_157;työterveyshuollon;1
1505;58/2024;2024_58_157;työviihtyvyyttä;1
1505;58/2024;2024_58_157;tähän;1
1505;58/2024;2024_58_157;tärkeässä;1
1505;58/2024;2024_58_157;tärkeää;1
1505;58/2024;2024_58_157;tässä;1
1505;58/2024;2024_58_157;täytyisi;1
1505;58/2024;2024_58_157;ulko;1
1505;58/2024;2024_58_157;vahvistamalla;1
1505;58/2024;2024_58_157;vahvistetaan;1
1505;58/2024;2024_58_157;vaikuttavia;1
1505;58/2024;2024_58_157;vaikuttavimmat;1
1505;58/2024;2024_58_157;vaikuttavuutta;2
1505;58/2024;2024_58_157;valtaosa;1
1505;58/2024;2024_58_157;varmempaa;1
1505;58/2024;2024_58_157;vastaa;1
1505;58/2024;2024_58_157;veroetu;1
1505;58/2024;2024_58_157;viikossa;1
1505;58/2024;2024_58_157;viimeisten;1
1505;58/2024;2024_58_157;voidaan;1
1505;58/2024;2024_58_157;voimallisesta;1
1505;58/2024;2024_58_157;voisimme;1
1505;58/2024;2024_58_157;vuosikymmenten;1
1505;58/2024;2024_58_157;vuosilta;1
1505;58/2024;2024_58_157;väestöstä;2
1505;58/2024;2024_58_157;vähentäminen;1
1505;58/2024;2024_58_157;vähäisen;1
1505;58/2024;2024_58_157;vähän;2
1505;58/2024;2024_58_157;yhteiskunnan;1
1505;58/2024;2024_58_157;yhteiskunnassamme;1
1505;58/2024;2024_58_157;yhteistyössä;1
1505;58/2024;2024_58_157;yhteistyötä;1
1505;58/2024;2024_58_157;yksin;1
1505;58/2024;2024_58_157;yksityisomisteisissa;1
1505;61/2024;2024_61_328;aiemmin;1
1505;61/2024;2024_61_328;ainutlaatuista;1
1505;61/2024;2024_61_328;arvoisa;2
1505;61/2024;2024_61_328;arvostusta;1
1505;61/2024;2024_61_328;aurinkovoimala;1
1505;61/2024;2024_61_328;biohajoavana;1
1505;61/2024;2024_61_328;edustaja;1
1505;61/2024;2024_61_328;eestilä;1
1505;61/2024;2024_61_328;ei;1
1505;61/2024;2024_61_328;elämässä;1
1505;61/2024;2024_61_328;energiaa;1
1505;61/2024;2024_61_328;energian;2
1505;61/2024;2024_61_328;energiatuotanto;1
1505;61/2024;2024_61_328;ennen;1
1505;61/2024;2024_61_328;ennestään;1
1505;61/2024;2024_61_328;esimerkiksi;2
1505;61/2024;2024_61_328;estämisestä;1
1505;61/2024;2024_61_328;euroa;1
1505;61/2024;2024_61_328;euroopan;1
1505;61/2024;2024_61_328;fosforilannoitteita;1
1505;61/2024;2024_61_328;globaaleihin;1
1505;61/2024;2024_61_328;hallitus;1
1505;61/2024;2024_61_328;hehtaaria;1
1505;61/2024;2024_61_328;hiilinielujen;1
1505;61/2024;2024_61_328;hoitanut;1
1505;61/2024;2024_61_328;houkuttelussa;1
1505;61/2024;2024_61_328;huolehtineet;1
1505;61/2024;2024_61_328;hyvinvoinnille;1
1505;61/2024;2024_61_328;hyönteistuhoja;1
1505;61/2024;2024_61_328;ilmastotoimia;1
1505;61/2024;2024_61_328;innovatiiviset;1
1505;61/2024;2024_61_328;investointien;1
1505;61/2024;2024_61_328;investointihanketta;1
1505;61/2024;2024_61_328;ja;13
1505;61/2024;2024_61_328;jo;1
1505;61/2024;2024_61_328;joiden;1
1505;61/2024;2024_61_328;jokaisen;1
1505;61/2024;2024_61_328;kai;1
1505;61/2024;2024_61_328;kannatettavan;1
1505;61/2024;2024_61_328;kansantaloudelle;1
1505;61/2024;2024_61_328;kasvamaan;1
1505;61/2024;2024_61_328;kasvumahdollisuus;1
1505;61/2024;2024_61_328;katseet;1
1505;61/2024;2024_61_328;kaunista;1
1505;61/2024;2024_61_328;keskeinen;1
1505;61/2024;2024_61_328;keskusteluissa;1
1505;61/2024;2024_61_328;keskusteluttavat;1
1505;61/2024;2024_61_328;kestäviä;1
1505;61/2024;2024_61_328;kestävästi;1
1505;61/2024;2024_61_328;kierrätettävänä;1
1505;61/2024;2024_61_328;kiitos;1
1505;61/2024;2024_61_328;kipsi;1
1505;61/2024;2024_61_328;kohtaan;1
1505;61/2024;2024_61_328;kokonaispinta-ala;1
1505;61/2024;2024_61_328;kokonaisuutena;1
1505;61/2024;2024_61_328;kriteereillä;1
1505;61/2024;2024_61_328;kuin;1
1505;61/2024;2024_61_328;kustannustehokkuuden;1
1505;61/2024;2024_61_328;kuten;1
1505;61/2024;2024_61_328;kyllä;2
1505;61/2024;2024_61_328;kyvylle;1
1505;61/2024;2024_61_328;käytetty;1
1505;61/2024;2024_61_328;laaja-alainen;1
1505;61/2024;2024_61_328;laskevaa;1
1505;61/2024;2024_61_328;levitetty;1
1505;61/2024;2024_61_328;liiketoiminnan;1
1505;61/2024;2024_61_328;lisäksi;2
1505;61/2024;2024_61_328;lukien;1
1505;61/2024;2024_61_328;luomukarja;1
1505;61/2024;2024_61_328;luomuvalvontajärjestelmässä;1
1505;61/2024;2024_61_328;luontoa;1
1505;61/2024;2024_61_328;luontoamme;1
1505;61/2024;2024_61_328;lähtökohtaisesti;1
1505;61/2024;2024_61_328;maatalouden;1
1505;61/2024;2024_61_328;maatalouteen;1
1505;61/2024;2024_61_328;maatilallamme;1
1505;61/2024;2024_61_328;maatilan;1
1505;61/2024;2024_61_328;mahdollisen;1
1505;61/2024;2024_61_328;mainitsi;1
1505;61/2024;2024_61_328;mainitut;1
1505;61/2024;2024_61_328;materiaalina;1
1505;61/2024;2024_61_328;meillä;1
1505;61/2024;2024_61_328;meistä;1
1505;61/2024;2024_61_328;mereen;1
1505;61/2024;2024_61_328;merkittävä;2
1505;61/2024;2024_61_328;merkityksen;1
1505;61/2024;2024_61_328;merkitys;2
1505;61/2024;2024_61_328;metsille;1
1505;61/2024;2024_61_328;metsillä;1
1505;61/2024;2024_61_328;metsistä;2
1505;61/2024;2024_61_328;metsän;4
1505;61/2024;2024_61_328;metsät;2
1505;61/2024;2024_61_328;mielestäni;2
1505;61/2024;2024_61_328;miljardia;1
1505;61/2024;2024_61_328;molempia;1
1505;61/2024;2024_61_328;muassa;1
1505;61/2024;2024_61_328;mukaan;1
1505;61/2024;2024_61_328;mukaisia;1
1505;61/2024;2024_61_328;mutta;1
1505;61/2024;2024_61_328;muun;1
1505;61/2024;2024_61_328;myös;6
1505;61/2024;2024_61_328;niin;1
1505;61/2024;2024_61_328;no;1
1505;61/2024;2024_61_328;noin;2
1505;61/2024;2024_61_328;nykytiedon;1
1505;61/2024;2024_61_328;näissä;1
1505;61/2024;2024_61_328;ohjautuvat;1
1505;61/2024;2024_61_328;ojaa;1
1505;61/2024;2024_61_328;ole;1
1505;61/2024;2024_61_328;olemaan;1
1505;61/2024;2024_61_328;olemme;1
1505;61/2024;2024_61_328;omalla;1
1505;61/2024;2024_61_328;omavaraista;1
1505;61/2024;2024_61_328;omistajille;1
1505;61/2024;2024_61_328;on;10
1505;61/2024;2024_61_328;osaltamme;1
1505;61/2024;2024_61_328;osoittaa;1
1505;61/2024;2024_61_328;ovat;1
1505;61/2024;2024_61_328;palvelut;1
1505;61/2024;2024_61_328;pellolle;1
1505;61/2024;2024_61_328;pitkäjänteisyyden;1
1505;61/2024;2024_61_328;prosenttia;1
1505;61/2024;2024_61_328;prosessit;1
1505;61/2024;2024_61_328;puhdasta;2
1505;61/2024;2024_61_328;puhemies;2
1505;61/2024;2024_61_328;puhtaan;1
1505;61/2024;2024_61_328;puolet;1
1505;61/2024;2024_61_328;puu;1
1505;61/2024;2024_61_328;puulla;1
1505;61/2024;2024_61_328;puupohjaiset;1
1505;61/2024;2024_61_328;päivittäisessä;1
1505;61/2024;2024_61_328;ratkaisuja;1
1505;61/2024;2024_61_328;ravinnevalumien;1
1505;61/2024;2024_61_328;rooli;1
1505;61/2024;2024_61_328;rouva;1
1505;61/2024;2024_61_328;satumetsät;1
1505;61/2024;2024_61_328;sekä;1
1505;61/2024;2024_61_328;siirtymän;1
1505;61/2024;2024_61_328;sitten;1
1505;61/2024;2024_61_328;suojavyöhykkeitä;2
1505;61/2024;2024_61_328;suojelluista;1
1505;61/2024;2024_61_328;suojeltu;1
1505;61/2024;2024_61_328;suojelun;1
1505;61/2024;2024_61_328;suojelutoimenpiteitä;1
1505;61/2024;2024_61_328;suomen;1
1505;61/2024;2024_61_328;suomessa;5
1505;61/2024;2024_61_328;suuntaa;1
1505;61/2024;2024_61_328;suuri;1
1505;61/2024;2024_61_328;syistä;1
1505;61/2024;2024_61_328;synnyttämiseen;1
1505;61/2024;2024_61_328;säästäviä;1
1505;61/2024;2024_61_328;tai;1
1505;61/2024;2024_61_328;tarjoaa;1
1505;61/2024;2024_61_328;tarpeisiin;1
1505;61/2024;2024_61_328;tarvitaan;1
1505;61/2024;2024_61_328;tavoittelevat;1
1505;61/2024;2024_61_328;tehdään;1
1505;61/2024;2024_61_328;tehty;1
1505;61/2024;2024_61_328;teknologianeutraaliuden;1
1505;61/2024;2024_61_328;tilalla;1
1505;61/2024;2024_61_328;tiukimmin;1
1505;61/2024;2024_61_328;toimia;1
1505;61/2024;2024_61_328;toimimalla;1
1505;61/2024;2024_61_328;totta;1
1505;61/2024;2024_61_328;tulee;3
1505;61/2024;2024_61_328;tulevaisuudessakin;1
1505;61/2024;2024_61_328;tulisi;1
1505;61/2024;2024_61_328;tunnistaen;1
1505;61/2024;2024_61_328;tuotannossa;1
1505;61/2024;2024_61_328;tuotantoa;1
1505;61/2024;2024_61_328;tuotantomuotoja;1
1505;61/2024;2024_61_328;tuotantorakenteelle;1
1505;61/2024;2024_61_328;tuottaa;1
1505;61/2024;2024_61_328;tuottajat;1
1505;61/2024;2024_61_328;tuottavat;1
1505;61/2024;2024_61_328;tuotteet;1
1505;61/2024;2024_61_328;turvallisuuspoliittisista;1
1505;61/2024;2024_61_328;turvata;1
1505;61/2024;2024_61_328;turve;1
1505;61/2024;2024_61_328;täällä;2
1505;61/2024;2024_61_328;usein;1
1505;61/2024;2024_61_328;uudet;1
1505;61/2024;2024_61_328;uusiutumiselle;1
1505;61/2024;2024_61_328;uusiutuvan;1
1505;61/2024;2024_61_328;uusiutuvana;1
1505;61/2024;2024_61_328;valtion;1
1505;61/2024;2024_61_328;vanhan;1
1505;61/2024;2024_61_328;vapaaehtoisia;1
1505;61/2024;2024_61_328;varmistaa;1
1505;61/2024;2024_61_328;vastustaa;1
1505;61/2024;2024_61_328;vastuullisesti;1
1505;61/2024;2024_61_328;vihreän;1
1505;61/2024;2024_61_328;viisisataa;1
1505;61/2024;2024_61_328;vuoteen;1
1505;61/2024;2024_61_328;yhteisarvo;1
1505;61/2024;2024_61_328;yksityisen;1
1505;61/2024;2024_61_328;yksityisiä;1
1505;61/2024;2024_61_328;yli;1
1505;61/2024;2024_61_328;ympäristöongelmiin;1
1505;72/2023;2023_72_335;aiemmin;1
1505;72/2023;2023_72_335;aikana;1
1505;72/2023;2023_72_335;ainoa;1
1505;72/2023;2023_72_335;arvoisa;1
1505;72/2023;2023_72_335;asteella;1
1505;72/2023;2023_72_335;byrokratiaa;1
1505;72/2023;2023_72_335;edustajat;1
1505;72/2023;2023_72_335;ei;1
1505;72/2023;2023_72_335;emme;1
1505;72/2023;2023_72_335;enemmän;1
1505;72/2023;2023_72_335;ennen;1
1505;72/2023;2023_72_335;ensi;1
1505;72/2023;2023_72_335;ensisijaisen;1
1505;72/2023;2023_72_335;erityisesti;2
1505;72/2023;2023_72_335;että;1
1505;72/2023;2023_72_335;euroa;1
1505;72/2023;2023_72_335;hallitus;3
1505;72/2023;2023_72_335;hetkellä;1
1505;72/2023;2023_72_335;huippua;1
1505;72/2023;2023_72_335;huolehdi;1
1505;72/2023;2023_72_335;huoltovarmuuden;1
1505;72/2023;2023_72_335;hyvinvointiyhteiskuntaa;1
1505;72/2023;2023_72_335;hyvinvointiyhteiskuntamme;1
1505;72/2023;2023_72_335;itsestäänselvyys;1
1505;72/2023;2023_72_335;ja;17
1505;72/2023;2023_72_335;jo;2
1505;72/2023;2023_72_335;jokaiselle;1
1505;72/2023;2023_72_335;jos;1
1505;72/2023;2023_72_335;jotka;1
1505;72/2023;2023_72_335;jotta;1
1505;72/2023;2023_72_335;jää;1
1505;72/2023;2023_72_335;kaikissa;1
1505;72/2023;2023_72_335;kaikkea;1
1505;72/2023;2023_72_335;kaivattua;1
1505;72/2023;2023_72_335;kannattavaa;1
1505;72/2023;2023_72_335;kannattavuudesta;1
1505;72/2023;2023_72_335;kannusteita;1
1505;72/2023;2023_72_335;kansalaisia;1
1505;72/2023;2023_72_335;kansalaisiimme;1
1505;72/2023;2023_72_335;karsittava;1
1505;72/2023;2023_72_335;kasvaa;1
1505;72/2023;2023_72_335;kasvaaksemme;1
1505;72/2023;2023_72_335;kasvu;1
1505;72/2023;2023_72_335;kasvun;1
1505;72/2023;2023_72_335;kasvuun;1
1505;72/2023;2023_72_335;kautta;1
1505;72/2023;2023_72_335;kehityksen;1
1505;72/2023;2023_72_335;keventää;1
1505;72/2023;2023_72_335;kiitos;1
1505;72/2023;2023_72_335;kilpailukykyisen;1
1505;72/2023;2023_72_335;kirjoittamiseen;1
1505;72/2023;2023_72_335;kokonaisuus;1
1505;72/2023;2023_72_335;korkeakouluissa;1
1505;72/2023;2023_72_335;korkean;1
1505;72/2023;2023_72_335;korkeimmista;1
1505;72/2023;2023_72_335;kosonen;1
1505;72/2023;2023_72_335;koulutukseen;1
1505;72/2023;2023_72_335;koulutusta;1
1505;72/2023;2023_72_335;kulujamme;1
1505;72/2023;2023_72_335;kuten;1
1505;72/2023;2023_72_335;kuunnelleena;1
1505;72/2023;2023_72_335;käteen;1
1505;72/2023;2023_72_335;laskemiseen;1
1505;72/2023;2023_72_335;listaan;1
1505;72/2023;2023_72_335;lisäksi;2
1505;72/2023;2023_72_335;lisätuloista;1
1505;72/2023;2023_72_335;lisää;1
1505;72/2023;2023_72_335;lisäämään;1
1505;72/2023;2023_72_335;lukemiseen;1
1505;72/2023;2023_72_335;luonto;1
1505;72/2023;2023_72_335;luottaa;1
1505;72/2023;2023_72_335;lähtökohtaisesti;1
1505;72/2023;2023_72_335;maa;1
1505;72/2023;2023_72_335;maailman;3
1505;72/2023;2023_72_335;mahdollisimman;1
1505;72/2023;2023_72_335;maksettavat;1
1505;72/2023;2023_72_335;marginaaliverot;1
1505;72/2023;2023_72_335;me;2
1505;72/2023;2023_72_335;meidän;3
1505;72/2023;2023_72_335;meillä;2
1505;72/2023;2023_72_335;merkittävästi;1
1505;72/2023;2023_72_335;miljoonaa;1
1505;72/2023;2023_72_335;moraalin;1
1505;72/2023;2023_72_335;muassa;2
1505;72/2023;2023_72_335;muistuttivat;1
1505;72/2023;2023_72_335;mutta;1
1505;72/2023;2023_72_335;muun;2
1505;72/2023;2023_72_335;muutoksia;1
1505;72/2023;2023_72_335;myös;3
1505;72/2023;2023_72_335;nyt;1
1505;72/2023;2023_72_335;ole;1
1505;72/2023;2023_72_335;olemassa;1
1505;72/2023;2023_72_335;olemme;2
1505;72/2023;2023_72_335;on;11
1505;72/2023;2023_72_335;onkin;1
1505;72/2023;2023_72_335;onnellisin;1
1505;72/2023;2023_72_335;osaamiseen;1
1505;72/2023;2023_72_335;osaavaa;1
1505;72/2023;2023_72_335;painotetaan;1
1505;72/2023;2023_72_335;palkansaajalle;1
1505;72/2023;2023_72_335;palkastaan;1
1505;72/2023;2023_72_335;palvelujamme;1
1505;72/2023;2023_72_335;perusopetukseen;1
1505;72/2023;2023_72_335;perusopetuksessa;1
1505;72/2023;2023_72_335;peruspalveluita;1
1505;72/2023;2023_72_335;perustaitojen;2
1505;72/2023;2023_72_335;politiikkaa;1
1505;72/2023;2023_72_335;poutala;1
1505;72/2023;2023_72_335;priorisoitava;1
1505;72/2023;2023_72_335;puhdas;1
1505;72/2023;2023_72_335;puhemies;1
1505;72/2023;2023_72_335;pyytäisin;1
1505;72/2023;2023_72_335;pääsääntöisesti;1
1505;72/2023;2023_72_335;päättänyt;1
1505;72/2023;2023_72_335;rahoitamme;1
1505;72/2023;2023_72_335;rahoitus;1
1505;72/2023;2023_72_335;rouva;1
1505;72/2023;2023_72_335;saatava;1
1505;72/2023;2023_72_335;salikeskustelua;1
1505;72/2023;2023_72_335;salissa;1
1505;72/2023;2023_72_335;satsaamaan;1
1505;72/2023;2023_72_335;satsaamme;1
1505;72/2023;2023_72_335;satsauksia;1
1505;72/2023;2023_72_335;sekä;1
1505;72/2023;2023_72_335;sillä;1
1505;72/2023;2023_72_335;sisäistä;1
1505;72/2023;2023_72_335;suomalaisten;1
1505;72/2023;2023_72_335;suomen;1
1505;72/2023;2023_72_335;suomessa;1
1505;72/2023;2023_72_335;syntyy;1
1505;72/2023;2023_72_335;taittumaan;1
1505;72/2023;2023_72_335;talous;1
1505;72/2023;2023_72_335;talousarviossa;1
1505;72/2023;2023_72_335;tarjoamisesta;1
1505;72/2023;2023_72_335;tarvitsevat;1
1505;72/2023;2023_72_335;teemme;1
1505;72/2023;2023_72_335;tehtävä;1
1505;72/2023;2023_72_335;tekee;1
1505;72/2023;2023_72_335;terveydenhuoltoa;1
1505;72/2023;2023_72_335;tie;1
1505;72/2023;2023_72_335;toimijoita;1
1505;72/2023;2023_72_335;toisella;1
1505;72/2023;2023_72_335;tulee;1
1505;72/2023;2023_72_335;tuloluokissa;1
1505;72/2023;2023_72_335;tunnetaidot;1
1505;72/2023;2023_72_335;tuohon;1
1505;72/2023;2023_72_335;turvallista;1
1505;72/2023;2023_72_335;turvallisuutta;1
1505;72/2023;2023_72_335;tutkimuksen;1
1505;72/2023;2023_72_335;työllisyyttä;1
1505;72/2023;2023_72_335;työn;4
1505;72/2023;2023_72_335;työntekoon;1
1505;72/2023;2023_72_335;työrauhaan;1
1505;72/2023;2023_72_335;työvoimaa;1
1505;72/2023;2023_72_335;tällä;1
1505;72/2023;2023_72_335;tämä;2
1505;72/2023;2023_72_335;tämän;1
1505;72/2023;2023_72_335;tänään;1
1505;72/2023;2023_72_335;tärkeää;1
1505;72/2023;2023_72_335;tätä;1
1505;72/2023;2023_72_335;täällä;1
1505;72/2023;2023_72_335;ulkoista;1
1505;72/2023;2023_72_335;vaakalaudalla;1
1505;72/2023;2023_72_335;vaalikauden;1
1505;72/2023;2023_72_335;vahvistamiseen;1
1505;72/2023;2023_72_335;vahvistamisen;1
1505;72/2023;2023_72_335;vahvistavat;1
1505;72/2023;2023_72_335;vakaan;1
1505;72/2023;2023_72_335;vastaanottamisesta;1
1505;72/2023;2023_72_335;vastuutettava;1
1505;72/2023;2023_72_335;velaksi;1
1505;72/2023;2023_72_335;velkaantuminen;1
1505;72/2023;2023_72_335;veroasteista;1
1505;72/2023;2023_72_335;verotuksen;1
1505;72/2023;2023_72_335;verotusta;1
1505;72/2023;2023_72_335;virkamiehiimme;1
1505;72/2023;2023_72_335;voimme;1
1505;72/2023;2023_72_335;vuoksi;1
1505;72/2023;2023_72_335;vuonna;1
1505;72/2023;2023_72_335;vähän;1
1505;72/2023;2023_72_335;yksi;1
1505;72/2023;2023_72_335;ylös;1
1505;72/2023;2023_72_335;yrittäjämyönteistä;1
1505;72/2023;2023_72_335;yrittäjät;1
1505;72/2023;2023_72_335;yritysten;1
1505;72/2023;2023_72_347;aan;1
1505;72/2023;2023_72_347;aiheuttavat;1
1505;72/2023;2023_72_347;aloituspaikkoja;1
1505;72/2023;2023_72_347;ampuma-aserikoksista;1
1505;72/2023;2023_72_347;ankkuri-toiminnan;1
1505;72/2023;2023_72_347;arvoisa;1
1505;72/2023;2023_72_347;asia;1
1505;72/2023;2023_72_347;avaimet;1
1505;72/2023;2023_72_347;avainasemassa;1
1505;72/2023;2023_72_347;ehkäisy;1
1505;72/2023;2023_72_347;ehkäisyn;1
1505;72/2023;2023_72_347;eivät;1
1505;72/2023;2023_72_347;enemmän;1
1505;72/2023;2023_72_347;ennakoida;1
1505;72/2023;2023_72_347;ennakoitavissa;1
1505;72/2023;2023_72_347;ennalta;1
1505;72/2023;2023_72_347;ennaltaehkäisemään;1
1505;72/2023;2023_72_347;epäillyn;1
1505;72/2023;2023_72_347;erilaiset;1
1505;72/2023;2023_72_347;esillä;1
1505;72/2023;2023_72_347;esitti;1
1505;72/2023;2023_72_347;estävät;1
1505;72/2023;2023_72_347;että;2
1505;72/2023;2023_72_347;euroa;1
1505;72/2023;2023_72_347;euroopan;1
1505;72/2023;2023_72_347;haastava;1
1505;72/2023;2023_72_347;hallitus;1
1505;72/2023;2023_72_347;hallitusohjelman;1
1505;72/2023;2023_72_347;helmikuussa;1
1505;72/2023;2023_72_347;hidastaa;1
1505;72/2023;2023_72_347;hoitamaan;1
1505;72/2023;2023_72_347;huolehdittava;1
1505;72/2023;2023_72_347;huolestuttava;1
1505;72/2023;2023_72_347;huolestuttavaa;2
1505;72/2023;2023_72_347;hybridivaikuttaminen;1
1505;72/2023;2023_72_347;hyvä;1
1505;72/2023;2023_72_347;hälytystehtävät;1
1505;72/2023;2023_72_347;ilmastonmuutos;1
1505;72/2023;2023_72_347;infraan;1
1505;72/2023;2023_72_347;integroitumiseen;1
1505;72/2023;2023_72_347;ja;20
1505;72/2023;2023_72_347;jalkautetaan;1
1505;72/2023;2023_72_347;jalkoihin;1
1505;72/2023;2023_72_347;jaossa;1
1505;72/2023;2023_72_347;jatkuminen;1
1505;72/2023;2023_72_347;jengirikollisuuden;1
1505;72/2023;2023_72_347;jengitoimintaan;1
1505;72/2023;2023_72_347;jengiytymisen;1
1505;72/2023;2023_72_347;jo;1
1505;72/2023;2023_72_347;jonka;1
1505;72/2023;2023_72_347;jos;1
1505;72/2023;2023_72_347;jäävätkö;1
1505;72/2023;2023_72_347;kaikkineen;1
1505;72/2023;2023_72_347;kansainvälistä;1
1505;72/2023;2023_72_347;kansalaisten;1
1505;72/2023;2023_72_347;kasaantuvat;1
1505;72/2023;2023_72_347;kasvaneet;1
1505;72/2023;2023_72_347;kasvattaminen;1
1505;72/2023;2023_72_347;kasvussa;1
1505;72/2023;2023_72_347;katastrofit;1
1505;72/2023;2023_72_347;katujengeihin;1
1505;72/2023;2023_72_347;kehitys;1
1505;72/2023;2023_72_347;kehityssuunta;1
1505;72/2023;2023_72_347;kehitystä;1
1505;72/2023;2023_72_347;kielen;1
1505;72/2023;2023_72_347;kiinni;1
1505;72/2023;2023_72_347;kiireelliset;1
1505;72/2023;2023_72_347;kiitos;1
1505;72/2023;2023_72_347;kohdentumisen;1
1505;72/2023;2023_72_347;kohdistuvan;1
1505;72/2023;2023_72_347;kokoomuksen;1
1505;72/2023;2023_72_347;kokoomus;2
1505;72/2023;2023_72_347;konfliktit;1
1505;72/2023;2023_72_347;kotoutuspolitiikan;1
1505;72/2023;2023_72_347;koulutus;1
1505;72/2023;2023_72_347;kovennettava;1
1505;72/2023;2023_72_347;koventamisperuste;1
1505;72/2023;2023_72_347;kovissakin;1
1505;72/2023;2023_72_347;kriittiseen;1
1505;72/2023;2023_72_347;kuitenkin;2
1505;72/2023;2023_72_347;kyberhyökkäykset;1
1505;72/2023;2023_72_347;kyetäänkö;1
1505;72/2023;2023_72_347;käytäntöön;1
1505;72/2023;2023_72_347;laajennettava;1
1505;72/2023;2023_72_347;laajentaminen;1
1505;72/2023;2023_72_347;laajuutta;1
1505;72/2023;2023_72_347;laiton;1
1505;72/2023;2023_72_347;lasten;1
1505;72/2023;2023_72_347;liikkeellä;1
1505;72/2023;2023_72_347;liittyy;1
1505;72/2023;2023_72_347;lisäbyrokratia;1
1505;72/2023;2023_72_347;lisäksi;1
1505;72/2023;2023_72_347;lisättävä;1
1505;72/2023;2023_72_347;lisätään;1
1505;72/2023;2023_72_347;lisäämällä;1
1505;72/2023;2023_72_347;lisääntyneet;1
1505;72/2023;2023_72_347;loppuun;1
1505;72/2023;2023_72_347;luotettava;1
1505;72/2023;2023_72_347;luotettavasti;1
1505;72/2023;2023_72_347;maa;1
1505;72/2023;2023_72_347;maahantulo;1
1505;72/2023;2023_72_347;maailman;1
1505;72/2023;2023_72_347;maakuntien;1
1505;72/2023;2023_72_347;maamme;1
1505;72/2023;2023_72_347;meilläkin;1
1505;72/2023;2023_72_347;mennessä;1
1505;72/2023;2023_72_347;mielestäni;1
1505;72/2023;2023_72_347;miljoonaa;1
1505;72/2023;2023_72_347;moni;1
1505;72/2023;2023_72_347;moniammatillisen;1
1505;72/2023;2023_72_347;monin;1
1505;72/2023;2023_72_347;muuttoliikettä;1
1505;72/2023;2023_72_347;muuttunut;1
1505;72/2023;2023_72_347;myös;3
1505;72/2023;2023_72_347;myötä;1
1505;72/2023;2023_72_347;määrän;1
1505;72/2023;2023_72_347;määrärahaa;1
1505;72/2023;2023_72_347;määrää;1
1505;72/2023;2023_72_347;ne;2
1505;72/2023;2023_72_347;nopeasti;1
1505;72/2023;2023_72_347;nuorten;2
1505;72/2023;2023_72_347;nykyisestä;1
1505;72/2023;2023_72_347;nyt;2
1505;72/2023;2023_72_347;ohjelman;1
1505;72/2023;2023_72_347;oikean;1
1505;72/2023;2023_72_347;oikeudet;2
1505;72/2023;2023_72_347;oli;1
1505;72/2023;2023_72_347;olla;3
1505;72/2023;2023_72_347;ollut;2
1505;72/2023;2023_72_347;oltava;1
1505;72/2023;2023_72_347;on;19
1505;72/2023;2023_72_347;onnistutaanko;1
1505;72/2023;2023_72_347;oppiminen;1
1505;72/2023;2023_72_347;oppositiokaudella;1
1505;72/2023;2023_72_347;oppositiokaudellaan;1
1505;72/2023;2023_72_347;osallisuus;1
1505;72/2023;2023_72_347;otettava;1
1505;72/2023;2023_72_347;ottamista;1
1505;72/2023;2023_72_347;ovat;5
1505;72/2023;2023_72_347;partiot;1
1505;72/2023;2023_72_347;pidetään;1
1505;72/2023;2023_72_347;piti;1
1505;72/2023;2023_72_347;pois;1
1505;72/2023;2023_72_347;poliisi;1
1505;72/2023;2023_72_347;poliisiammattikorkeakoulun;1
1505;72/2023;2023_72_347;poliisien;3
1505;72/2023;2023_72_347;poliisiin;1
1505;72/2023;2023_72_347;poliisitoimeen;1
1505;72/2023;2023_72_347;priorisoidaan;1
1505;72/2023;2023_72_347;puhemies;1
1505;72/2023;2023_72_347;päätavoitteeksi;1
1505;72/2023;2023_72_347;rahaa;1
1505;72/2023;2023_72_347;rajallisesti;1
1505;72/2023;2023_72_347;rangaistuksen;1
1505;72/2023;2023_72_347;rangaistuksia;1
1505;72/2023;2023_72_347;reagoitava;1
1505;72/2023;2023_72_347;resursseista;1
1505;72/2023;2023_72_347;resursseja;1
1505;72/2023;2023_72_347;riippuvainen;1
1505;72/2023;2023_72_347;rikoksia;1
1505;72/2023;2023_72_347;rikoksiin;1
1505;72/2023;2023_72_347;rikos;1
1505;72/2023;2023_72_347;rikoshyödyn;1
1505;72/2023;2023_72_347;rikosten;1
1505;72/2023;2023_72_347;rouva;1
1505;72/2023;2023_72_347;ruotsin;1
1505;72/2023;2023_72_347;salassapitovelvollisuudet;1
1505;72/2023;2023_72_347;se;1
1505;72/2023;2023_72_347;sekä;3
1505;72/2023;2023_72_347;sellaisia;1
1505;72/2023;2023_72_347;selvittämään;1
1505;72/2023;2023_72_347;sen;2
1505;72/2023;2023_72_347;siihen;1
1505;72/2023;2023_72_347;siitä;1
1505;72/2023;2023_72_347;sisäinen;1
1505;72/2023;2023_72_347;sisäistä;1
1505;72/2023;2023_72_347;sosiaalihuollon;1
1505;72/2023;2023_72_347;sta;1
1505;72/2023;2023_72_347;suomalaiseen;1
1505;72/2023;2023_72_347;suomen;2
1505;72/2023;2023_72_347;suomessa;1
1505;72/2023;2023_72_347;suomi;1
1505;72/2023;2023_72_347;syrjäytymisen;1
1505;72/2023;2023_72_347;taloustilanne;1
1505;72/2023;2023_72_347;tarkoituksenmukaista;1
1505;72/2023;2023_72_347;tavoin;1
1505;72/2023;2023_72_347;tavoitteena;1
1505;72/2023;2023_72_347;tehokkaasti;1
1505;72/2023;2023_72_347;tehostettava;1
1505;72/2023;2023_72_347;tekemiin;1
1505;72/2023;2023_72_347;terapiatakuu;1
1505;72/2023;2023_72_347;terveydenhuollon;1
1505;72/2023;2023_72_347;tiedonvaihdon;1
1505;72/2023;2023_72_347;tiedustelun;1
1505;72/2023;2023_72_347;tilanteissa;1
1505;72/2023;2023_72_347;toimenpidettä;1
1505;72/2023;2023_72_347;toimien;1
1505;72/2023;2023_72_347;toimintavaltuuksia;1
1505;72/2023;2023_72_347;torjumiseksi;1
1505;72/2023;2023_72_347;toteutetaan;1
1505;72/2023;2023_72_347;tulee;1
1505;72/2023;2023_72_347;tulisi;1
1505;72/2023;2023_72_347;tuomittavia;1
1505;72/2023;2023_72_347;turvallisin;1
1505;72/2023;2023_72_347;turvallisuuden;1
1505;72/2023;2023_72_347;turvallisuudentunne;1
1505;72/2023;2023_72_347;turvallisuusympäristö;1
1505;72/2023;2023_72_347;turvallisuutta;1
1505;72/2023;2023_72_347;tutkintaa;1
1505;72/2023;2023_72_347;työnteko;1
1505;72/2023;2023_72_347;työt;1
1505;72/2023;2023_72_347;tämä;1
1505;72/2023;2023_72_347;tärkeimmät;1
1505;72/2023;2023_72_347;tässä;1
1505;72/2023;2023_72_347;tästä;1
1505;72/2023;2023_72_347;uhat;1
1505;72/2023;2023_72_347;uhrin;1
1505;72/2023;2023_72_347;ulkoinen;1
1505;72/2023;2023_72_347;ulkorajoilla;1
1505;72/2023;2023_72_347;usein;1
1505;72/2023;2023_72_347;uuden;1
1505;72/2023;2023_72_347;vaalikauden;1
1505;72/2023;2023_72_347;vaati;1
1505;72/2023;2023_72_347;vahvistaa;1
1505;72/2023;2023_72_347;vaihtoehtobudjeteissa;1
1505;72/2023;2023_72_347;vaikea;1
1505;72/2023;2023_72_347;vaikuttamisen;1
1505;72/2023;2023_72_347;vain;1
1505;72/2023;2023_72_347;valtiomme;1
1505;72/2023;2023_72_347;valtion;1
1505;72/2023;2023_72_347;varmistaminen;1
1505;72/2023;2023_72_347;vastaisuudessakin;1
1505;72/2023;2023_72_347;velvollisuudet;1
1505;72/2023;2023_72_347;vie;1
1505;72/2023;2023_72_347;viranomaisten;2
1505;72/2023;2023_72_347;voi;1
1505;72/2023;2023_72_347;väestönkasvu;1
1505;72/2023;2023_72_347;vähentyneet;1
1505;72/2023;2023_72_347;välisen;1
1505;72/2023;2023_72_347;ydintehtävä;1
1505;72/2023;2023_72_347;yhteiskuntaan;1
1505;72/2023;2023_72_347;yhä;1
1505;72/2023;2023_72_347;yksinään;1
1505;73/2023;2023_73_264;aiempaan;1
1505;73/2023;2023_73_264;aiheuttamat;1
1505;73/2023;2023_73_264;aiheuttamien;1
1505;73/2023;2023_73_264;aikoina;1
1505;73/2023;2023_73_264;ajallaan;1
1505;73/2023;2023_73_264;ajan;1
1505;73/2023;2023_73_264;alan;1
1505;73/2023;2023_73_264;alhaisemman;1
1505;73/2023;2023_73_264;alhaisempien;1
1505;73/2023;2023_73_264;alkutuottajan;1
1505;73/2023;2023_73_264;alkutuottajien;1
1505;73/2023;2023_73_264;alueelliset;1
1505;73/2023;2023_73_264;arvoisa;3
1505;73/2023;2023_73_264;arvonlisäveron;1
1505;73/2023;2023_73_264;asemaa;1
1505;73/2023;2023_73_264;asetettuja;1
1505;73/2023;2023_73_264;asiakaskeskeisestä;1
1505;73/2023;2023_73_264;biotalousstrategian;1
1505;73/2023;2023_73_264;edellisen;1
1505;73/2023;2023_73_264;edellytyksiä;1
1505;73/2023;2023_73_264;edistävinä;1
1505;73/2023;2023_73_264;ehdotetaan;1
1505;73/2023;2023_73_264;eivät;2
1505;73/2023;2023_73_264;ekologisten;1
1505;73/2023;2023_73_264;elinkeinojen;1
1505;73/2023;2023_73_264;elintarvikeketjun;1
1505;73/2023;2023_73_264;elintarvikemarkkinatoimiin;1
1505;73/2023;2023_73_264;elintarvikemarkkinavaltuutetun;1
1505;73/2023;2023_73_264;elintarvikemarkkinoita;1
1505;73/2023;2023_73_264;elintarvikesektorin;1
1505;73/2023;2023_73_264;elintarvikkeista;1
1505;73/2023;2023_73_264;elinvoimaisuudella;1
1505;73/2023;2023_73_264;eläin;1
1505;73/2023;2023_73_264;eläinten;1
1505;73/2023;2023_73_264;energiakustannusten;1
1505;73/2023;2023_73_264;ennusteen;1
1505;73/2023;2023_73_264;erityisesti;1
1505;73/2023;2023_73_264;erityispiirteet;1
1505;73/2023;2023_73_264;esitetään;1
1505;73/2023;2023_73_264;etenkin;1
1505;73/2023;2023_73_264;etteivät;1
1505;73/2023;2023_73_264;että;3
1505;73/2023;2023_73_264;euroa;4
1505;73/2023;2023_73_264;euroon;1
1505;73/2023;2023_73_264;hallinnalla;1
1505;73/2023;2023_73_264;hallinnonalalle;1
1505;73/2023;2023_73_264;hankintalakia;1
1505;73/2023;2023_73_264;havahduttava;1
1505;73/2023;2023_73_264;heikkenee;1
1505;73/2023;2023_73_264;heiluttanut;1
1505;73/2023;2023_73_264;hintojen;1
1505;73/2023;2023_73_264;huolehtia;2
1505;73/2023;2023_73_264;huoltovarmuutta;2
1505;73/2023;2023_73_264;huomioitava;1
1505;73/2023;2023_73_264;huomioon;1
1505;73/2023;2023_73_264;hyvinvoinnin;1
1505;73/2023;2023_73_264;hyötyjen;1
1505;73/2023;2023_73_264;häiriötilanteita;1
1505;73/2023;2023_73_264;häntä;1
1505;73/2023;2023_73_264;ja;22
1505;73/2023;2023_73_264;joilla;1
1505;73/2023;2023_73_264;joka;1
1505;73/2023;2023_73_264;jolla;1
1505;73/2023;2023_73_264;joudu;1
1505;73/2023;2023_73_264;jäljitettävyys;1
1505;73/2023;2023_73_264;järjestetään;1
1505;73/2023;2023_73_264;jää;1
1505;73/2023;2023_73_264;kaikki;1
1505;73/2023;2023_73_264;kaikkia;1
1505;73/2023;2023_73_264;kannanhoidollinen;1
1505;73/2023;2023_73_264;kannattavuus;1
1505;73/2023;2023_73_264;kannattavuuskehitys;1
1505;73/2023;2023_73_264;kannattavuutta;1
1505;73/2023;2023_73_264;kansantaloudellinen;1
1505;73/2023;2023_73_264;kapasiteetti;1
1505;73/2023;2023_73_264;kasvava;1
1505;73/2023;2023_73_264;kasvitautien;1
1505;73/2023;2023_73_264;kasvua;1
1505;73/2023;2023_73_264;kasvukyvyn;1
1505;73/2023;2023_73_264;kasvuun;1
1505;73/2023;2023_73_264;kehitettävä;2
1505;73/2023;2023_73_264;kehittämishankkein;1
1505;73/2023;2023_73_264;kehittämällä;1
1505;73/2023;2023_73_264;kehitystyötä;1
1505;73/2023;2023_73_264;keskeinen;1
1505;73/2023;2023_73_264;keskeisenä;1
1505;73/2023;2023_73_264;keskiarvo;1
1505;73/2023;2023_73_264;keskimääräinen;1
1505;73/2023;2023_73_264;kestämätön;1
1505;73/2023;2023_73_264;kestävyyden;1
1505;73/2023;2023_73_264;kestävä;1
1505;73/2023;2023_73_264;kestävässä;1
1505;73/2023;2023_73_264;kestävään;1
1505;73/2023;2023_73_264;kiitos;1
1505;73/2023;2023_73_264;kilpailua;1
1505;73/2023;2023_73_264;kilpailukykyyn;1
1505;73/2023;2023_73_264;kilpailukykyä;1
1505;73/2023;2023_73_264;kilpailukyvyllä;1
1505;73/2023;2023_73_264;koettu;1
1505;73/2023;2023_73_264;koiraa;1
1505;73/2023;2023_73_264;koko;1
1505;73/2023;2023_73_264;kokonaislaskelman;1
1505;73/2023;2023_73_264;kompensoida;1
1505;73/2023;2023_73_264;korkean;1
1505;73/2023;2023_73_264;korvaamiseen;1
1505;73/2023;2023_73_264;korvataan;1
1505;73/2023;2023_73_264;korvattavissa;1
1505;73/2023;2023_73_264;kotimaiseen;1
1505;73/2023;2023_73_264;kotimaisessa;1
1505;73/2023;2023_73_264;kotimaisia;1
1505;73/2023;2023_73_264;kriteerejä;1
1505;73/2023;2023_73_264;kuin;2
1505;73/2023;2023_73_264;kuluvana;1
1505;73/2023;2023_73_264;kuten;2
1505;73/2023;2023_73_264;kärsimään;1
1505;73/2023;2023_73_264;käytetyistä;1
1505;73/2023;2023_73_264;laadukasta;1
1505;73/2023;2023_73_264;lannoite;1
1505;73/2023;2023_73_264;lapselle;1
1505;73/2023;2023_73_264;lisärahoitusta;1
1505;73/2023;2023_73_264;lisäämällä;1
1505;73/2023;2023_73_264;luonnonvarakeskuksen;1
1505;73/2023;2023_73_264;luonnonvaratalouteen;1
1505;73/2023;2023_73_264;maa;2
1505;73/2023;2023_73_264;maaseudun;1
1505;73/2023;2023_73_264;maatalouden;3
1505;73/2023;2023_73_264;maataloustukien;1
1505;73/2023;2023_73_264;maataloustuotantoon;1
1505;73/2023;2023_73_264;maataloustuote;1
1505;73/2023;2023_73_264;maatilojen;2
1505;73/2023;2023_73_264;mahdollisia;1
1505;73/2023;2023_73_264;maistuvaa;1
1505;73/2023;2023_73_264;maksatuksesta;1
1505;73/2023;2023_73_264;maltillisia;1
1505;73/2023;2023_73_264;meidän;1
1505;73/2023;2023_73_264;meillä;1
1505;73/2023;2023_73_264;merkitys;1
1505;73/2023;2023_73_264;metsien;1
1505;73/2023;2023_73_264;metsäalan;1
1505;73/2023;2023_73_264;metsäsektorilla;1
1505;73/2023;2023_73_264;metsästys;1
1505;73/2023;2023_73_264;metsätalous;1
1505;73/2023;2023_73_264;metsätalousministeriön;1
1505;73/2023;2023_73_264;metsätalousvaliokunnan;1
1505;73/2023;2023_73_264;mietinnössä;1
1505;73/2023;2023_73_264;miljardia;1
1505;73/2023;2023_73_264;miljoonaa;3
1505;73/2023;2023_73_264;monimuotoisuuteen;1
1505;73/2023;2023_73_264;muassa;3
1505;73/2023;2023_73_264;muiden;1
1505;73/2023;2023_73_264;mukaan;2
1505;73/2023;2023_73_264;mutta;1
1505;73/2023;2023_73_264;muun;3
1505;73/2023;2023_73_264;muussa;1
1505;73/2023;2023_73_264;muutokset;1
1505;73/2023;2023_73_264;muutoksia;1
1505;73/2023;2023_73_264;muuttamalla;1
1505;73/2023;2023_73_264;myös;6
1505;73/2023;2023_73_264;myötä;1
1505;73/2023;2023_73_264;määrärahaa;1
1505;73/2023;2023_73_264;niin;2
1505;73/2023;2023_73_264;noin;2
1505;73/2023;2023_73_264;nopeita;1
1505;73/2023;2023_73_264;noudatettavan;1
1505;73/2023;2023_73_264;noudattaa;1
1505;73/2023;2023_73_264;nykyistä;1
1505;73/2023;2023_73_264;nythän;1
1505;73/2023;2023_73_264;näin;2
1505;73/2023;2023_73_264;näitä;1
1505;73/2023;2023_73_264;näkökulmasta;1
1505;73/2023;2023_73_264;ohella;1
1505;73/2023;2023_73_264;oikein;1
1505;73/2023;2023_73_264;oikeudenmukaisempaan;1
1505;73/2023;2023_73_264;ole;1
1505;73/2023;2023_73_264;olennaista;1
1505;73/2023;2023_73_264;olisi;2
1505;73/2023;2023_73_264;ollen;1
1505;73/2023;2023_73_264;ollut;1
1505;73/2023;2023_73_264;on;25
1505;73/2023;2023_73_264;osa;1
1505;73/2023;2023_73_264;osoitetaan;1
1505;73/2023;2023_73_264;osoitetaankin;1
1505;73/2023;2023_73_264;ottaa;1
1505;73/2023;2023_73_264;ovat;1
1505;73/2023;2023_73_264;paikalliset;1
1505;73/2023;2023_73_264;panosmarkkinoista;1
1505;73/2023;2023_73_264;parannetaan;1
1505;73/2023;2023_73_264;parannettava;1
1505;73/2023;2023_73_264;parantaa;1
1505;73/2023;2023_73_264;parantamalla;1
1505;73/2023;2023_73_264;parantavien;1
1505;73/2023;2023_73_264;parhaillaan;1
1505;73/2023;2023_73_264;perusta;1
1505;73/2023;2023_73_264;perustuu;1
1505;73/2023;2023_73_264;perustuvien;1
1505;73/2023;2023_73_264;petoeläinten;1
1505;73/2023;2023_73_264;pieteetillä;1
1505;73/2023;2023_73_264;pikaisesti;1
1505;73/2023;2023_73_264;prosenttia;2
1505;73/2023;2023_73_264;puhemies;3
1505;73/2023;2023_73_264;puhtaan;1
1505;73/2023;2023_73_264;päästävä;1
1505;73/2023;2023_73_264;rahallakaan;1
1505;73/2023;2023_73_264;ratkaisu;1
1505;73/2023;2023_73_264;resurssit;1
1505;73/2023;2023_73_264;riippuu;1
1505;73/2023;2023_73_264;riitä;1
1505;73/2023;2023_73_264;rinnakkaiseloa;1
1505;73/2023;2023_73_264;rouva;1
1505;73/2023;2023_73_264;ruoka;1
1505;73/2023;2023_73_264;ruokajärjestelmässä;1
1505;73/2023;2023_73_264;ruokaturvallisuudella;1
1505;73/2023;2023_73_264;ruokaviraston;2
1505;73/2023;2023_73_264;sadon;1
1505;73/2023;2023_73_264;samaa;1
1505;73/2023;2023_73_264;satsataankin;1
1505;73/2023;2023_73_264;se;2
1505;73/2023;2023_73_264;sekä;6
1505;73/2023;2023_73_264;sillä;1
1505;73/2023;2023_73_264;siten;1
1505;73/2023;2023_73_264;sivistykselliset;1
1505;73/2023;2023_73_264;sopimusasemaa;1
1505;73/2023;2023_73_264;sosiaalisen;1
1505;73/2023;2023_73_264;sosiaaliset;1
1505;73/2023;2023_73_264;sosiaalisten;1
1505;73/2023;2023_73_264;suojeltujen;1
1505;73/2023;2023_73_264;suojelussa;1
1505;73/2023;2023_73_264;suomalainen;1
1505;73/2023;2023_73_264;suomen;1
1505;73/2023;2023_73_264;suomessa;1
1505;73/2023;2023_73_264;susikuljetuksia;1
1505;73/2023;2023_73_264;suuntaan;1
1505;73/2023;2023_73_264;suurempien;1
1505;73/2023;2023_73_264;suuri;1
1505;73/2023;2023_73_264;suurpeto-ongelmaan;1
1505;73/2023;2023_73_264;suurpetojen;1
1505;73/2023;2023_73_264;sydämellä;1
1505;73/2023;2023_73_264;taattu;1
1505;73/2023;2023_73_264;taloudellisessa;1
1505;73/2023;2023_73_264;taloudelliset;1
1505;73/2023;2023_73_264;taloudellisten;1
1505;73/2023;2023_73_264;talousarviossa;1
1505;73/2023;2023_73_264;talousmetsien;1
1505;73/2023;2023_73_264;tarjonnassa;1
1505;73/2023;2023_73_264;tarpeessa;1
1505;73/2023;2023_73_264;tasa-arvoista;1
1505;73/2023;2023_73_264;tasapainoa;1
1505;73/2023;2023_73_264;tehokkaasti;1
1505;73/2023;2023_73_264;tehtävä;1
1505;73/2023;2023_73_264;tehtävänä;1
1505;73/2023;2023_73_264;tiedonsaantioikeuksia;1
1505;73/2023;2023_73_264;tietopohjaa;1
1505;73/2023;2023_73_264;tilanne;1
1505;73/2023;2023_73_264;tilanteeseen;1
1505;73/2023;2023_73_264;tilanteessa;1
1505;73/2023;2023_73_264;tki-ohjelmaa;1
1505;73/2023;2023_73_264;todetaan;1
1505;73/2023;2023_73_264;toimenpiteeseen;1
1505;73/2023;2023_73_264;toimia;1
1505;73/2023;2023_73_264;toimien;1
1505;73/2023;2023_73_264;toimina;1
1505;73/2023;2023_73_264;toiminnan;2
1505;73/2023;2023_73_264;toiminnasta;1
1505;73/2023;2023_73_264;toimintaa;1
1505;73/2023;2023_73_264;toivoisi;1
1505;73/2023;2023_73_264;toteaa;1
1505;73/2023;2023_73_264;toteuttamalla;1
1505;73/2023;2023_73_264;toteutusta;1
1505;73/2023;2023_73_264;tuhot;1
1505;73/2023;2023_73_264;tukea;2
1505;73/2023;2023_73_264;tulee;2
1505;73/2023;2023_73_264;tulo;1
1505;73/2023;2023_73_264;tultava;1
1505;73/2023;2023_73_264;tuontiruualta;1
1505;73/2023;2023_73_264;tuotettu;1
1505;73/2023;2023_73_264;tuotteiden;1
1505;73/2023;2023_73_264;turvaamiseksi;1
1505;73/2023;2023_73_264;tämä;1
1505;73/2023;2023_73_264;tässä;1
1505;73/2023;2023_73_264;täysimääräisenä;1
1505;73/2023;2023_73_264;useampikin;1
1505;73/2023;2023_73_264;uudistamiseen;1
1505;73/2023;2023_73_264;vaatimattomaan;1
1505;73/2023;2023_73_264;vaatimukset;1
1505;73/2023;2023_73_264;vaatimusta;1
1505;73/2023;2023_73_264;vahingot;1
1505;73/2023;2023_73_264;vahinkojen;1
1505;73/2023;2023_73_264;vahvistamiseen;1
1505;73/2023;2023_73_264;vaikutus;1
1505;73/2023;2023_73_264;valtionhallinnon;1
1505;73/2023;2023_73_264;valtiovarainvaliokunta;1
1505;73/2023;2023_73_264;varmistamisella;1
1505;73/2023;2023_73_264;varsin;2
1505;73/2023;2023_73_264;varsinais-suomessa;1
1505;73/2023;2023_73_264;veden;1
1505;73/2023;2023_73_264;verrattuna;1
1505;73/2023;2023_73_264;vientiraaka-aineella;1
1505;73/2023;2023_73_264;vientiä;1
1505;73/2023;2023_73_264;viiden;1
1505;73/2023;2023_73_264;viime;1
1505;73/2023;2023_73_264;viiveestä;1
1505;73/2023;2023_73_264;viljan;1
1505;73/2023;2023_73_264;viljelijät;1
1505;73/2023;2023_73_264;viranomaisten;1
1505;73/2023;2023_73_264;viraston;1
1505;73/2023;2023_73_264;voidaan;2
1505;73/2023;2023_73_264;vuoden;1
1505;73/2023;2023_73_264;vuonna;2
1505;73/2023;2023_73_264;vuosikymmenten;1
1505;73/2023;2023_73_264;vuoteen;1
1505;73/2023;2023_73_264;vähemmän;1
1505;73/2023;2023_73_264;välittömästi;1
1505;73/2023;2023_73_264;välttämätöntä;2
1505;73/2023;2023_73_264;yhteensä;1
1505;73/2023;2023_73_264;yrittäjätulo;2
1505;76/2024;2024_76_180;antoivat;1
1505;76/2024;2024_76_180;apua;1
1505;76/2024;2024_76_180;arvoisa;1
1505;76/2024;2024_76_180;ei;1
1505;76/2024;2024_76_180;eikä;1
1505;76/2024;2024_76_180;heidän;1
1505;76/2024;2024_76_180;hyvin;1
1505;76/2024;2024_76_180;hädänalaisille;1
1505;76/2024;2024_76_180;ikäluokkani;1
1505;76/2024;2024_76_180;isovanhempamme;1
1505;76/2024;2024_76_180;itsenäisyyden;1
1505;76/2024;2024_76_180;ja;3
1505;76/2024;2024_76_180;joka;1
1505;76/2024;2024_76_180;jokaisella;1
1505;76/2024;2024_76_180;jonka;1
1505;76/2024;2024_76_180;jälkipolvet;1
1505;76/2024;2024_76_180;jälleenrakentaminen;1
1505;76/2024;2024_76_180;kansan;1
1505;76/2024;2024_76_180;kantavat;1
1505;76/2024;2024_76_180;kiitos;1
1505;76/2024;2024_76_180;koskevassa;1
1505;76/2024;2024_76_180;kun;1
1505;76/2024;2024_76_180;käsittelyssä;1
1505;76/2024;2024_76_180;monella;1
1505;76/2024;2024_76_180;muistissa;1
1505;76/2024;2024_76_180;muistoa;1
1505;76/2024;2024_76_180;myös;1
1505;76/2024;2024_76_180;noin;1
1505;76/2024;2024_76_180;nuoruutensa;1
1505;76/2024;2024_76_180;nytkään;1
1505;76/2024;2024_76_180;olemme;1
1505;76/2024;2024_76_180;oleva;1
1505;76/2024;2024_76_180;olla;1
1505;76/2024;2024_76_180;oma;1
1505;76/2024;2024_76_180;on;1
1505;76/2024;2024_76_180;osaltaan;1
1505;76/2024;2024_76_180;ovat;1
1505;76/2024;2024_76_180;painaa;1
1505;76/2024;2024_76_180;pitäisi;2
1505;76/2024;2024_76_180;pohjimmiltaan;1
1505;76/2024;2024_76_180;poikkeuslakiin;1
1505;76/2024;2024_76_180;puhemies;1
1505;76/2024;2024_76_180;puolesta;2
1505;76/2024;2024_76_180;päättämässä;1
1505;76/2024;2024_76_180;päätöksenteossa;1
1505;76/2024;2024_76_180;rajalaki;1
1505;76/2024;2024_76_180;rajan;1
1505;76/2024;2024_76_180;rinnastettava;1
1505;76/2024;2024_76_180;rouva;1
1505;76/2024;2024_76_180;saavutettu;1
1505;76/2024;2024_76_180;selkeästi;1
1505;76/2024;2024_76_180;sellainen;1
1505;76/2024;2024_76_180;selviytymistarina;1
1505;76/2024;2024_76_180;sen;1
1505;76/2024;2024_76_180;silloin;1
1505;76/2024;2024_76_180;sisimmässään;1
1505;76/2024;2024_76_180;sisulla;1
1505;76/2024;2024_76_180;suomalaisella;1
1505;76/2024;2024_76_180;suomen;2
1505;76/2024;2024_76_180;säilyttäen;1
1505;76/2024;2024_76_180;taisteluun;1
1505;76/2024;2024_76_180;tapauksessa;1
1505;76/2024;2024_76_180;tavalla;1
1505;76/2024;2024_76_180;tehtyjen;1
1505;76/2024;2024_76_180;tekemiensä;1
1505;76/2024;2024_76_180;toteutetaankin;1
1505;76/2024;2024_76_180;toteuttaa;1
1505;76/2024;2024_76_180;tulla;1
1505;76/2024;2024_76_180;turvallisuudestamme;1
1505;76/2024;2024_76_180;turvallisuuttamme;1
1505;76/2024;2024_76_180;työllä;1
1505;76/2024;2024_76_180;uhrausten;2
1505;76/2024;2024_76_180;uurastuksella;1
1505;76/2024;2024_76_180;vaakakupissa;1
1505;76/2024;2024_76_180;vahvasti;1
1505;76/2024;2024_76_180;vain;1
1505;76/2024;2024_76_180;voi;1
1505;76/2024;2024_76_180;voidaan;1
1505;76/2024;2024_76_180;voinut;1
1505;76/2024;2024_76_180;voitto;1
1505;76/2024;2024_76_180;yksiselitteinen;1
1505;76/2024;2024_76_180;yli;1
1505;79/2024;2024_79_66;aiemmatkin;1
1505;79/2024;2024_79_66;aiheuttaa;1
1505;79/2024;2024_79_66;aikaisemminkin;1
1505;79/2024;2024_79_66;arvoisa;1
1505;79/2024;2024_79_66;asiakasturvallisuuteen;1
1505;79/2024;2024_79_66;edellytyksenä;1
1505;79/2024;2024_79_66;eri;1
1505;79/2024;2024_79_66;erityisesti;1
1505;79/2024;2024_79_66;esitys;1
1505;79/2024;2024_79_66;että;2
1505;79/2024;2024_79_66;euroopassa;1
1505;79/2024;2024_79_66;eurooppalaisessa;1
1505;79/2024;2024_79_66;haitallisesti;1
1505;79/2024;2024_79_66;hyllylle;1
1505;79/2024;2024_79_66;hyvinkin;1
1505;79/2024;2024_79_66;hyvä;3
1505;79/2024;2024_79_66;hyväksytyt;1
1505;79/2024;2024_79_66;ihan;1
1505;79/2024;2024_79_66;ilmastonmuutos;1
1505;79/2024;2024_79_66;ja;12
1505;79/2024;2024_79_66;jo;1
1505;79/2024;2024_79_66;johtuu;1
1505;79/2024;2024_79_66;joustavasti;1
1505;79/2024;2024_79_66;kasvavat;1
1505;79/2024;2024_79_66;kasvinsuojeluaineet;1
1505;79/2024;2024_79_66;kasvinsuojeluaineiden;3
1505;79/2024;2024_79_66;kasvitauti;1
1505;79/2024;2024_79_66;kaupan;2
1505;79/2024;2024_79_66;kestävään;1
1505;79/2024;2024_79_66;kiitos;1
1505;79/2024;2024_79_66;koetut;1
1505;79/2024;2024_79_66;kohti;1
1505;79/2024;2024_79_66;kriteerit;1
1505;79/2024;2024_79_66;kuin;1
1505;79/2024;2024_79_66;kuten;3
1505;79/2024;2024_79_66;kyllä;1
1505;79/2024;2024_79_66;käsittelyssä;1
1505;79/2024;2024_79_66;käyttöön;1
1505;79/2024;2024_79_66;käytöllä;1
1505;79/2024;2024_79_66;käytöstä;1
1505;79/2024;2024_79_66;laadultaan;1
1505;79/2024;2024_79_66;laatuvaatimukset;1
1505;79/2024;2024_79_66;laitettu;1
1505;79/2024;2024_79_66;lähtökohtaisesti;1
1505;79/2024;2024_79_66;maa;1
1505;79/2024;2024_79_66;maataloudelle;1
1505;79/2024;2024_79_66;maataloustuotantoon;1
1505;79/2024;2024_79_66;me;1
1505;79/2024;2024_79_66;meidän;3
1505;79/2024;2024_79_66;metsätalousvaliokunnassa;1
1505;79/2024;2024_79_66;mikä;1
1505;79/2024;2024_79_66;mitkä;1
1505;79/2024;2024_79_66;mitä;1
1505;79/2024;2024_79_66;muualla;1
1505;79/2024;2024_79_66;myyntiin;1
1505;79/2024;2024_79_66;määrältään;1
1505;79/2024;2024_79_66;nopeasti;1
1505;79/2024;2024_79_66;näin;1
1505;79/2024;2024_79_66;oikein;1
1505;79/2024;2024_79_66;oleva;1
1505;79/2024;2024_79_66;olisikin;1
1505;79/2024;2024_79_66;olla;1
1505;79/2024;2024_79_66;on;4
1505;79/2024;2024_79_66;ottaa;1
1505;79/2024;2024_79_66;ovat;1
1505;79/2024;2024_79_66;peltohehtaaria;1
1505;79/2024;2024_79_66;puhemies;1
1505;79/2024;2024_79_66;puhujat;1
1505;79/2024;2024_79_66;reilun;1
1505;79/2024;2024_79_66;ruoka-aineille;1
1505;79/2024;2024_79_66;ruokatuotantoon;1
1505;79/2024;2024_79_66;ruokaturvan;1
1505;79/2024;2024_79_66;samat;1
1505;79/2024;2024_79_66;sato;1
1505;79/2024;2024_79_66;se;1
1505;79/2024;2024_79_66;sitten;1
1505;79/2024;2024_79_66;suomalaisille;1
1505;79/2024;2024_79_66;suomen;1
1505;79/2024;2024_79_66;suomessa;2
1505;79/2024;2024_79_66;syyn;1
1505;79/2024;2024_79_66;tarvittaessa;1
1505;79/2024;2024_79_66;tavalla;1
1505;79/2024;2024_79_66;todettu;1
1505;79/2024;2024_79_66;toimiviksi;1
1505;79/2024;2024_79_66;totesimme;1
1505;79/2024;2024_79_66;totesivat;1
1505;79/2024;2024_79_66;toteutuminen;1
1505;79/2024;2024_79_66;toteutumiseen;1
1505;79/2024;2024_79_66;tuholaisriskit;1
1505;79/2024;2024_79_66;tulee;1
1505;79/2024;2024_79_66;tuleville;1
1505;79/2024;2024_79_66;tuontituotteille;1
1505;79/2024;2024_79_66;tuottajille;1
1505;79/2024;2024_79_66;tuotteille;1
1505;79/2024;2024_79_66;tähän;1
1505;79/2024;2024_79_66;tällä;1
1505;79/2024;2024_79_66;tämän;1
1505;79/2024;2024_79_66;täytyisi;1
1505;79/2024;2024_79_66;täällä;1
1505;79/2024;2024_79_66;uhkia;1
1505;79/2024;2024_79_66;uusia;1
1505;79/2024;2024_79_66;vaikuttaa;1
1505;79/2024;2024_79_66;varmistaa;1
1505;79/2024;2024_79_66;varmistetaan;2
1505;79/2024;2024_79_66;verrattain;1
1505;79/2024;2024_79_66;vertailussa;1
1505;79/2024;2024_79_66;voitaisiin;1
1505;79/2024;2024_79_66;vuoksi;1
1505;79/2024;2024_79_66;vähäisestä;1
1505;79/2024;2024_79_66;vähäisiä;1
1505;79/2024;2024_79_66;ympäristövaikutukset;1
1505;84/2024;2024_84_154;alaikäisen;1
1505;84/2024;2024_84_154;arvoisa;2
1505;84/2024;2024_84_154;asiantuntijaryhmä;1
1505;84/2024;2024_84_154;asiasta;1
1505;84/2024;2024_84_154;ehkäisemiseksi;1
1505;84/2024;2024_84_154;ei;1
1505;84/2024;2024_84_154;erillislaki;1
1505;84/2024;2024_84_154;erillissääntelyä;1
1505;84/2024;2024_84_154;esimerkiksi;1
1505;84/2024;2024_84_154;euroopan;1
1505;84/2024;2024_84_154;heidän;1
1505;84/2024;2024_84_154;hengen;1
1505;84/2024;2024_84_154;hetkellä;1
1505;84/2024;2024_84_154;istanbulin;1
1505;84/2024;2024_84_154;itsemääräämisoikeuttaan;1
1505;84/2024;2024_84_154;ja;8
1505;84/2024;2024_84_154;jo;1
1505;84/2024;2024_84_154;kaikki;1
1505;84/2024;2024_84_154;kehottanut;1
1505;84/2024;2024_84_154;kiitos;1
1505;84/2024;2024_84_154;kohdistuvan;1
1505;84/2024;2024_84_154;koskemattomuuttaan;1
1505;84/2024;2024_84_154;koskevaa;1
1505;84/2024;2024_84_154;koskevien;1
1505;84/2024;2024_84_154;kriminalisoida;1
1505;84/2024;2024_84_154;kyseessä;1
1505;84/2024;2024_84_154;lainsäädännöllisiin;1
1505;84/2024;2024_84_154;lainsäädäntö;1
1505;84/2024;2024_84_154;mukaisesti;1
1505;84/2024;2024_84_154;muodot;1
1505;84/2024;2024_84_154;naisiin;1
1505;84/2024;2024_84_154;naisten;2
1505;84/2024;2024_84_154;neuvoston;1
1505;84/2024;2024_84_154;niin;1
1505;84/2024;2024_84_154;norjassa;1
1505;84/2024;2024_84_154;ole;1
1505;84/2024;2024_84_154;on;7
1505;84/2024;2024_84_154;pahoinpitelyä;1
1505;84/2024;2024_84_154;perheväkivallan;1
1505;84/2024;2024_84_154;puhemies;2
1505;84/2024;2024_84_154;rangaistavaa;1
1505;84/2024;2024_84_154;ratifioinut;1
1505;84/2024;2024_84_154;rikoslain;1
1505;84/2024;2024_84_154;rikoslaissa;1
1505;84/2024;2024_84_154;rouva;1
1505;84/2024;2024_84_154;ruotsissa;1
1505;84/2024;2024_84_154;ruumiillista;1
1505;84/2024;2024_84_154;ryhtymään;1
1505;84/2024;2024_84_154;sanottu;1
1505;84/2024;2024_84_154;seksuaalista;1
1505;84/2024;2024_84_154;sekä;1
1505;84/2024;2024_84_154;silpominen;1
1505;84/2024;2024_84_154;silpomisen;1
1505;84/2024;2024_84_154;silpomista;2
1505;84/2024;2024_84_154;siten;1
1505;84/2024;2024_84_154;sivistysvaltio;1
1505;84/2024;2024_84_154;sopimuksen;1
1505;84/2024;2024_84_154;sopimus;1
1505;84/2024;2024_84_154;sukuelinten;1
1505;84/2024;2024_84_154;sukupuolielinten;1
1505;84/2024;2024_84_154;suojaa;1
1505;84/2024;2024_84_154;suomen;1
1505;84/2024;2024_84_154;suomessa;1
1505;84/2024;2024_84_154;suomi;2
1505;84/2024;2024_84_154;säädetään;1
1505;84/2024;2024_84_154;säännösten;1
1505;84/2024;2024_84_154;tanskassa;1
1505;84/2024;2024_84_154;terveyden;1
1505;84/2024;2024_84_154;toimenpiteisiin;1
1505;84/2024;2024_84_154;torjumiseksi;1
1505;84/2024;2024_84_154;tullut;1
1505;84/2024;2024_84_154;tyttöjen;2
1505;84/2024;2024_84_154;tytön;1
1505;84/2024;2024_84_154;tällä;1
1505;84/2024;2024_84_154;tämä;1
1505;84/2024;2024_84_154;täytäntöönpanoa;1
1505;84/2024;2024_84_154;ulkomaille;1
1505;84/2024;2024_84_154;vahvistaa;1
1505;84/2024;2024_84_154;valvova;1
1505;84/2024;2024_84_154;varten;1
1505;84/2024;2024_84_154;vieminen;1
1505;84/2024;2024_84_154;viranomaisia;1
1505;84/2024;2024_84_154;voimaan;1
1505;84/2024;2024_84_154;vuonna;2
1505;84/2024;2024_84_154;väkivallan;1
1505;84/2024;2024_84_154;välttämätöntä;1
1505;84/2024;2024_84_154;yleissopimuksen;1
1505;84/2024;2024_84_195;alkutuotannon;1
1505;84/2024;2024_84_195;alkutuottajan;1
1505;84/2024;2024_84_195;arvoisa;2
1505;84/2024;2024_84_195;aseman;1
1505;84/2024;2024_84_195;ei;1
1505;84/2024;2024_84_195;elintarvikealan;1
1505;84/2024;2024_84_195;elintarvikeketjun;1
1505;84/2024;2024_84_195;elintarvikemarkkina;1
1505;84/2024;2024_84_195;elintarvikemarkkinavaltuutetun;1
1505;84/2024;2024_84_195;elintarvikemarkkinoista;1
1505;84/2024;2024_84_195;ennen;1
1505;84/2024;2024_84_195;esille;1
1505;84/2024;2024_84_195;esitetyillä;1
1505;84/2024;2024_84_195;esitys;1
1505;84/2024;2024_84_195;hallituksen;1
1505;84/2024;2024_84_195;hallitus;1
1505;84/2024;2024_84_195;hankintalain;1
1505;84/2024;2024_84_195;hintaneuvotteluasemaa;1
1505;84/2024;2024_84_195;huoltovarmuuteemme;1
1505;84/2024;2024_84_195;ja;6
1505;84/2024;2024_84_195;kaikkea;1
1505;84/2024;2024_84_195;kannalta;1
1505;84/2024;2024_84_195;kannattavuuteen;1
1505;84/2024;2024_84_195;katsottuja;1
1505;84/2024;2024_84_195;kattavan;1
1505;84/2024;2024_84_195;kehittämiseksi;1
1505;84/2024;2024_84_195;keskeisimmät;1
1505;84/2024;2024_84_195;keskisuurten;1
1505;84/2024;2024_84_195;kilpailu;1
1505;84/2024;2024_84_195;koko;1
1505;84/2024;2024_84_195;maaseutualueisiin;1
1505;84/2024;2024_84_195;maatalousyritysten;1
1505;84/2024;2024_84_195;markkinoiden;1
1505;84/2024;2024_84_195;mihin;1
1505;84/2024;2024_84_195;mutta;1
1505;84/2024;2024_84_195;muuttaminen;1
1505;84/2024;2024_84_195;myös;1
1505;84/2024;2024_84_195;nostanut;1
1505;84/2024;2024_84_195;nykyiset;1
1505;84/2024;2024_84_195;nykyistä;2
1505;84/2024;2024_84_195;nyt;1
1505;84/2024;2024_84_195;oikeudenmukaisempaan;1
1505;84/2024;2024_84_195;oikeuksia;1
1505;84/2024;2024_84_195;ole;1
1505;84/2024;2024_84_195;olemaan;1
1505;84/2024;2024_84_195;on;1
1505;84/2024;2024_84_195;orpon;1
1505;84/2024;2024_84_195;osin;1
1505;84/2024;2024_84_195;ovat;2
1505;84/2024;2024_84_195;parantaa;1
1505;84/2024;2024_84_195;parantaminen;1
1505;84/2024;2024_84_195;parempi;1
1505;84/2024;2024_84_195;pienten;1
1505;84/2024;2024_84_195;positiivisia;1
1505;84/2024;2024_84_195;puhemies;2
1505;84/2024;2024_84_195;puutteellisiksi;1
1505;84/2024;2024_84_195;puuttuu;1
1505;84/2024;2024_84_195;pääministeri;1
1505;84/2024;2024_84_195;rouva;1
1505;84/2024;2024_84_195;saantiin;1
1505;84/2024;2024_84_195;sekä;2
1505;84/2024;2024_84_195;seurannan;1
1505;84/2024;2024_84_195;sillä;1
1505;84/2024;2024_84_195;suuntaan;1
1505;84/2024;2024_84_195;säädetty;1
1505;84/2024;2024_84_195;tarkastelu;1
1505;84/2024;2024_84_195;tasapainon;1
1505;84/2024;2024_84_195;tehokkaan;1
1505;84/2024;2024_84_195;tiedonsaanti;1
1505;84/2024;2024_84_195;tiedonsaantioikeuksien;1
1505;84/2024;2024_84_195;tietojen;1
1505;84/2024;2024_84_195;toimet;2
1505;84/2024;2024_84_195;toimijoiden;1
1505;84/2024;2024_84_195;toimilla;1
1505;84/2024;2024_84_195;toimivaltuudet;1
1505;84/2024;2024_84_195;tulee;1
1505;84/2024;2024_84_195;tärkeät;1
1505;84/2024;2024_84_195;vaikutuksia;1
1505;84/2024;2024_84_195;valvonnan;1
1505;84/2024;2024_84_195;välillisiä;1
1505;84/2024;2024_84_195;välisten;1
1505;84/2024;2024_84_195;yritysten;1
1505;88/2025;2025_88_6;aikaa;1
1505;88/2025;2025_88_6;aikana;1
1505;88/2025;2025_88_6;aikataulut;1
1505;88/2025;2025_88_6;aikoina;1
1505;88/2025;2025_88_6;alan;1
1505;88/2025;2025_88_6;alkavalle;1
1505;88/2025;2025_88_6;alkavan;1
1505;88/2025;2025_88_6;alue;2
1505;88/2025;2025_88_6;alueen;1
1505;88/2025;2025_88_6;alueet;1
1505;88/2025;2025_88_6;alueiden;4
1505;88/2025;2025_88_6;aluekehittämis;1
1505;88/2025;2025_88_6;aluekehittämisen;1
1505;88/2025;2025_88_6;aluekehittämisessä;1
1505;88/2025;2025_88_6;aluekehittämiskeskustelujen;1
1505;88/2025;2025_88_6;aluekehittämislainsäädännön;1
1505;88/2025;2025_88_6;aluekehitykseen;1
1505;88/2025;2025_88_6;aluekehityssääntelyn;1
1505;88/2025;2025_88_6;aluekehitysvälineiden;1
1505;88/2025;2025_88_6;alusta;1
1505;88/2025;2025_88_6;ansaitsevat;1
1505;88/2025;2025_88_6;antaa;1
1505;88/2025;2025_88_6;arjessa;1
1505;88/2025;2025_88_6;arvoisa;4
1505;88/2025;2025_88_6;asetettu;1
1505;88/2025;2025_88_6;byrokratian;1
1505;88/2025;2025_88_6;edennyt;1
1505;88/2025;2025_88_6;ehkä;1
1505;88/2025;2025_88_6;ei;2
1505;88/2025;2025_88_6;eivät;2
1505;88/2025;2025_88_6;elinvoimaa;1
1505;88/2025;2025_88_6;ennen;1
1505;88/2025;2025_88_6;ensi;1
1505;88/2025;2025_88_6;eri;1
1505;88/2025;2025_88_6;esille;1
1505;88/2025;2025_88_6;esimerkiksi;1
1505;88/2025;2025_88_6;esimerkki;1
1505;88/2025;2025_88_6;esitetyt;1
1505;88/2025;2025_88_6;että;5
1505;88/2025;2025_88_6;etu;1
1505;88/2025;2025_88_6;eu-ohjelmakauden;1
1505;88/2025;2025_88_6;eu-tason;1
1505;88/2025;2025_88_6;eun;3
1505;88/2025;2025_88_6;euroopan;1
1505;88/2025;2025_88_6;haasteisiin;1
1505;88/2025;2025_88_6;hallinnollisen;2
1505;88/2025;2025_88_6;hallinnon;1
1505;88/2025;2025_88_6;hallintohumpasta;1
1505;88/2025;2025_88_6;hallitus;1
1505;88/2025;2025_88_6;hankkeiden;2
1505;88/2025;2025_88_6;harkintaan;1
1505;88/2025;2025_88_6;helppo;1
1505;88/2025;2025_88_6;hyvin;2
1505;88/2025;2025_88_6;hyviä;1
1505;88/2025;2025_88_6;hyvä;1
1505;88/2025;2025_88_6;hyödyntäminen;1
1505;88/2025;2025_88_6;ihmisten;1
1505;88/2025;2025_88_6;investoinneista;1
1505;88/2025;2025_88_6;isoin;1
1505;88/2025;2025_88_6;ja;21
1505;88/2025;2025_88_6;jatkovalmistelussa;1
1505;88/2025;2025_88_6;jopa;1
1505;88/2025;2025_88_6;jossa;1
1505;88/2025;2025_88_6;jotka;1
1505;88/2025;2025_88_6;julkisen;1
1505;88/2025;2025_88_6;kansallisen;1
1505;88/2025;2025_88_6;kansallisessa;1
1505;88/2025;2025_88_6;kansallista;1
1505;88/2025;2025_88_6;kasvukaupungit;1
1505;88/2025;2025_88_6;kasvun;1
1505;88/2025;2025_88_6;kasvusta;1
1505;88/2025;2025_88_6;katsoo;1
1505;88/2025;2025_88_6;kautta;1
1505;88/2025;2025_88_6;kehittämistyötä;1
1505;88/2025;2025_88_6;kehityksessä;1
1505;88/2025;2025_88_6;kehitystyön;1
1505;88/2025;2025_88_6;keskeiseksi;1
1505;88/2025;2025_88_6;keskeisempi;1
1505;88/2025;2025_88_6;keskeisten;1
1505;88/2025;2025_88_6;keventäminen;1
1505;88/2025;2025_88_6;keventämiseksi;1
1505;88/2025;2025_88_6;kiertävät;1
1505;88/2025;2025_88_6;kiitokset;1
1505;88/2025;2025_88_6;kiitos;1
1505;88/2025;2025_88_6;kohtaa;1
1505;88/2025;2025_88_6;koko;2
1505;88/2025;2025_88_6;kokonaisuudistuksen;1
1505;88/2025;2025_88_6;kokoomuksen;2
1505;88/2025;2025_88_6;kokoomus;1
1505;88/2025;2025_88_6;konkretisoi;1
1505;88/2025;2025_88_6;korvaamaton;1
1505;88/2025;2025_88_6;koulutukseen;1
1505;88/2025;2025_88_6;kuin;1
1505;88/2025;2025_88_6;kukin;1
1505;88/2025;2025_88_6;kun;2
1505;88/2025;2025_88_6;kuten;1
1505;88/2025;2025_88_6;kuultu;1
1505;88/2025;2025_88_6;kyse;2
1505;88/2025;2025_88_6;käsittelyssä;1
1505;88/2025;2025_88_6;käynnissä;1
1505;88/2025;2025_88_6;käytännössä;1
1505;88/2025;2025_88_6;laadukkaan;1
1505;88/2025;2025_88_6;laatimisesta;1
1505;88/2025;2025_88_6;lailla;1
1505;88/2025;2025_88_6;lainsäädännön;1
1505;88/2025;2025_88_6;laivanrakennusinvestointi;1
1505;88/2025;2025_88_6;laivanrakennusteollisuuteen;1
1505;88/2025;2025_88_6;lisäksi;1
1505;88/2025;2025_88_6;lisääntynyt;1
1505;88/2025;2025_88_6;lähtökohta;1
1505;88/2025;2025_88_6;maakuntaohjelmista;1
1505;88/2025;2025_88_6;maassa;1
1505;88/2025;2025_88_6;meille;1
1505;88/2025;2025_88_6;meillä;1
1505;88/2025;2025_88_6;menestys;1
1505;88/2025;2025_88_6;menestyvät;1
1505;88/2025;2025_88_6;menestyy;1
1505;88/2025;2025_88_6;mielestä;1
1505;88/2025;2025_88_6;millaisen;1
1505;88/2025;2025_88_6;mitkä;1
1505;88/2025;2025_88_6;monin;1
1505;88/2025;2025_88_6;moottorit;1
1505;88/2025;2025_88_6;muassa;1
1505;88/2025;2025_88_6;muun;1
1505;88/2025;2025_88_6;myös;2
1505;88/2025;2025_88_6;määrä;1
1505;88/2025;2025_88_6;ne;1
1505;88/2025;2025_88_6;neljä;1
1505;88/2025;2025_88_6;neljän;1
1505;88/2025;2025_88_6;niitä;1
1505;88/2025;2025_88_6;nostettuihin;1
1505;88/2025;2025_88_6;nykyisessä;1
1505;88/2025;2025_88_6;nyt;1
1505;88/2025;2025_88_6;näihin;1
1505;88/2025;2025_88_6;näinä;1
1505;88/2025;2025_88_6;näkyvät;1
1505;88/2025;2025_88_6;ohjelmakausien;1
1505;88/2025;2025_88_6;ohjelmien;1
1505;88/2025;2025_88_6;ole;2
1505;88/2025;2025_88_6;oleva;1
1505;88/2025;2025_88_6;ollut;1
1505;88/2025;2025_88_6;omiin;2
1505;88/2025;2025_88_6;on;16
1505;88/2025;2025_88_6;ongelma;1
1505;88/2025;2025_88_6;ongelmiin;1
1505;88/2025;2025_88_6;onnistumisia;1
1505;88/2025;2025_88_6;osa;1
1505;88/2025;2025_88_6;osallistuneet;1
1505;88/2025;2025_88_6;osallistuvien;1
1505;88/2025;2025_88_6;ottaa;1
1505;88/2025;2025_88_6;paikoin;1
1505;88/2025;2025_88_6;paisuminen;1
1505;88/2025;2025_88_6;paisunut;1
1505;88/2025;2025_88_6;panostettu;1
1505;88/2025;2025_88_6;perustuu;1
1505;88/2025;2025_88_6;pettymys;1
1505;88/2025;2025_88_6;pidetään;1
1505;88/2025;2025_88_6;pohjaa;1
1505;88/2025;2025_88_6;pois;1
1505;88/2025;2025_88_6;politiikan;1
1505;88/2025;2025_88_6;puhemies;4
1505;88/2025;2025_88_6;puitteissa;1
1505;88/2025;2025_88_6;puolestaan;2
1505;88/2025;2025_88_6;pyörittäminen;1
1505;88/2025;2025_88_6;rahaa;1
1505;88/2025;2025_88_6;rakennepolitiikan;1
1505;88/2025;2025_88_6;rakennepolitiikkaa;1
1505;88/2025;2025_88_6;roolien;1
1505;88/2025;2025_88_6;samalla;1
1505;88/2025;2025_88_6;se;6
1505;88/2025;2025_88_6;seikkoja;1
1505;88/2025;2025_88_6;selkeyttäminen;1
1505;88/2025;2025_88_6;selonteko;1
1505;88/2025;2025_88_6;selonteon;2
1505;88/2025;2025_88_6;selonteossa;3
1505;88/2025;2025_88_6;seurantaan;1
1505;88/2025;2025_88_6;seutukunnat;1
1505;88/2025;2025_88_6;siis;1
1505;88/2025;2025_88_6;siitä;1
1505;88/2025;2025_88_6;siksi;2
1505;88/2025;2025_88_6;sille;1
1505;88/2025;2025_88_6;sisällytetty;1
1505;88/2025;2025_88_6;sisällä;1
1505;88/2025;2025_88_6;sitkeä;1
1505;88/2025;2025_88_6;sitten;1
1505;88/2025;2025_88_6;sopimuksellisuus;1
1505;88/2025;2025_88_6;suomelle;1
1505;88/2025;2025_88_6;suomen;3
1505;88/2025;2025_88_6;suomi;1
1505;88/2025;2025_88_6;suoraan;1
1505;88/2025;2025_88_6;suunnittelun;1
1505;88/2025;2025_88_6;syytä;1
1505;88/2025;2025_88_6;syövät;1
1505;88/2025;2025_88_6;sääntelykehikon;2
1505;88/2025;2025_88_6;sääntelykehikossa;1
1505;88/2025;2025_88_6;sääntelyyn;1
1505;88/2025;2025_88_6;taakan;2
1505;88/2025;2025_88_6;tahot;1
1505;88/2025;2025_88_6;tai;1
1505;88/2025;2025_88_6;talouden;1
1505;88/2025;2025_88_6;tartuttava;1
1505;88/2025;2025_88_6;tavoitteeksi;1
1505;88/2025;2025_88_6;telakalle;1
1505;88/2025;2025_88_6;tempoilevuus;1
1505;88/2025;2025_88_6;toimeenpanon;1
1505;88/2025;2025_88_6;toimeentuloa;1
1505;88/2025;2025_88_6;toimet;1
1505;88/2025;2025_88_6;toimielinten;1
1505;88/2025;2025_88_6;toimijoiden;1
1505;88/2025;2025_88_6;toimivat;1
1505;88/2025;2025_88_6;toisaalta;1
1505;88/2025;2025_88_6;toteutetaan;1
1505;88/2025;2025_88_6;tukeutua;1
1505;88/2025;2025_88_6;tuki;1
1505;88/2025;2025_88_6;tulevaa;1
1505;88/2025;2025_88_6;tulevassa;1
1505;88/2025;2025_88_6;tullut;1
1505;88/2025;2025_88_6;tuloksia;1
1505;88/2025;2025_88_6;tunnistettu;1
1505;88/2025;2025_88_6;tuo;1
1505;88/2025;2025_88_6;tuottaa;1
1505;88/2025;2025_88_6;turun;1
1505;88/2025;2025_88_6;työ;1
1505;88/2025;2025_88_6;työllisyydestä;1
1505;88/2025;2025_88_6;työssä;1
1505;88/2025;2025_88_6;työtä;1
1505;88/2025;2025_88_6;tähän;1
1505;88/2025;2025_88_6;tämä;1
1505;88/2025;2025_88_6;tämän;1
1505;88/2025;2025_88_6;tärkeimmäksi;1
1505;88/2025;2025_88_6;tässä;2
1505;88/2025;2025_88_6;unionin;1
1505;88/2025;2025_88_6;uskoa;1
1505;88/2025;2025_88_6;uuden;1
1505;88/2025;2025_88_6;uudenkin;1
1505;88/2025;2025_88_6;uudistamiselle;1
1505;88/2025;2025_88_6;uudistuksessa;1
1505;88/2025;2025_88_6;uusi;1
1505;88/2025;2025_88_6;uuteen;1
1505;88/2025;2025_88_6;vaan;1
1505;88/2025;2025_88_6;vahvemmin;1
1505;88/2025;2025_88_6;vahvistunut;1
1505;88/2025;2025_88_6;vahvuuksiin;1
1505;88/2025;2025_88_6;vahvuuksiinsa;1
1505;88/2025;2025_88_6;vaikeuttaa;1
1505;88/2025;2025_88_6;vakavaan;1
1505;88/2025;2025_88_6;valmisteluun;1
1505;88/2025;2025_88_6;valtion;2
1505;88/2025;2025_88_6;varaa;1
1505;88/2025;2025_88_6;varat;1
1505;88/2025;2025_88_6;varsinais-suomessa;1
1505;88/2025;2025_88_6;vastaa;1
1505;88/2025;2025_88_6;vie;1
1505;88/2025;2025_88_6;viidakossa;1
1505;88/2025;2025_88_6;viikolla;1
1505;88/2025;2025_88_6;viime;1
1505;88/2025;2025_88_6;viimeisen;1
1505;88/2025;2025_88_6;viranomaisten;1
1505;88/2025;2025_88_6;voivat;1
1505;88/2025;2025_88_6;vuoden;3
1505;88/2025;2025_88_6;vuonna;1
1505;88/2025;2025_88_6;vuorovaikutus;1
1505;88/2025;2025_88_6;vuosikymmeniä;1
1505;88/2025;2025_88_6;vuotta;1
1505;88/2025;2025_88_6;välillä;1
1505;88/2025;2025_88_6;välittävien;1
1505;88/2025;2025_88_6;yhteensovittamista;1
1505;88/2025;2025_88_6;yhtyä;1
1505;88/2025;2025_88_6;yhtä;1
1505;9/2024;2024_9_197;aiemmin;1
1505;9/2024;2024_9_197;aiheutuvia;1
1505;9/2024;2024_9_197;aika;2
1505;9/2024;2024_9_197;aikaisemmin;1
1505;9/2024;2024_9_197;aikaista;1
1505;9/2024;2024_9_197;aikuiskoulutukseen;1
1505;9/2024;2024_9_197;aikuiskoulutustuen;3
1505;9/2024;2024_9_197;aikuiskoulutustuki;2
1505;9/2024;2024_9_197;aikuisten;1
1505;9/2024;2024_9_197;alaa;1
1505;9/2024;2024_9_197;alemman;1
1505;9/2024;2024_9_197;aloille;1
1505;9/2024;2024_9_197;ansio;1
1505;9/2024;2024_9_197;arvoisa;1
1505;9/2024;2024_9_197;asetettuja;1
1505;9/2024;2024_9_197;asettanut;1
1505;9/2024;2024_9_197;asioissa;1
1505;9/2024;2024_9_197;asteen;2
1505;9/2024;2024_9_197;edetä;1
1505;9/2024;2024_9_197;edustaja;1
1505;9/2024;2024_9_197;ehdotuksia;1
1505;9/2024;2024_9_197;ehkä;1
1505;9/2024;2024_9_197;ei;1
1505;9/2024;2024_9_197;eikä;1
1505;9/2024;2024_9_197;eivät;4
1505;9/2024;2024_9_197;eli;1
1505;9/2024;2024_9_197;eniten;1
1505;9/2024;2024_9_197;ensimmäistä;1
1505;9/2024;2024_9_197;esimerkiksi;2
1505;9/2024;2024_9_197;esitys;1
1505;9/2024;2024_9_197;etlan;1
1505;9/2024;2024_9_197;että;5
1505;9/2024;2024_9_197;hakeutumiseen;1
1505;9/2024;2024_9_197;hallituksen;1
1505;9/2024;2024_9_197;hallitusohjelmalla;1
1505;9/2024;2024_9_197;haluaa;1
1505;9/2024;2024_9_197;halustaan;1
1505;9/2024;2024_9_197;haun;1
1505;9/2024;2024_9_197;havaitaan;1
1505;9/2024;2024_9_197;henkilö;1
1505;9/2024;2024_9_197;henkilöihin;1
1505;9/2024;2024_9_197;henkilöllä;1
1505;9/2024;2024_9_197;henkilön;1
1505;9/2024;2024_9_197;hyvään;1
1505;9/2024;2024_9_197;hyödyt;4
1505;9/2024;2024_9_197;hyötyä;1
1505;9/2024;2024_9_197;ihmisessä;1
1505;9/2024;2024_9_197;ilmainen;1
1505;9/2024;2024_9_197;itsellään;1
1505;9/2024;2024_9_197;ja;14
1505;9/2024;2024_9_197;jaksamiseen;1
1505;9/2024;2024_9_197;jatkossa;1
1505;9/2024;2024_9_197;jatkuvaa;1
1505;9/2024;2024_9_197;jatkuvasti;1
1505;9/2024;2024_9_197;jo;5
1505;9/2024;2024_9_197;johda;1
1505;9/2024;2024_9_197;joiden;1
1505;9/2024;2024_9_197;joilla;3
1505;9/2024;2024_9_197;joitain;1
1505;9/2024;2024_9_197;joko;1
1505;9/2024;2024_9_197;jos;1
1505;9/2024;2024_9_197;joten;1
1505;9/2024;2024_9_197;jotta;1
1505;9/2024;2024_9_197;joustavia;2
1505;9/2024;2024_9_197;julkaiseman;1
1505;9/2024;2024_9_197;juuri;2
1505;9/2024;2024_9_197;kattamaan;2
1505;9/2024;2024_9_197;kautta;1
1505;9/2024;2024_9_197;keinoista;1
1505;9/2024;2024_9_197;keinoja;2
1505;9/2024;2024_9_197;kiitos;1
1505;9/2024;2024_9_197;kohdalla;1
1505;9/2024;2024_9_197;kohdentuisi;1
1505;9/2024;2024_9_197;koki;1
1505;9/2024;2024_9_197;kokopäivätoimisesti;1
1505;9/2024;2024_9_197;korkea-asteen;1
1505;9/2024;2024_9_197;korkeakoulututkinnon;2
1505;9/2024;2024_9_197;korkeamman;1
1505;9/2024;2024_9_197;koulutukseen;1
1505;9/2024;2024_9_197;koulutusalojen;1
1505;9/2024;2024_9_197;koulutuspolku;1
1505;9/2024;2024_9_197;koulutustapoja;1
1505;9/2024;2024_9_197;koulutustason;1
1505;9/2024;2024_9_197;koulutustaustasta;1
1505;9/2024;2024_9_197;kuitenkin;1
1505;9/2024;2024_9_197;kulttuuriministeriön;1
1505;9/2024;2024_9_197;kun;1
1505;9/2024;2024_9_197;kuormituksen;1
1505;9/2024;2024_9_197;kustannuksia;2
1505;9/2024;2024_9_197;kustannuksiin;1
1505;9/2024;2024_9_197;kuten;2
1505;9/2024;2024_9_197;kyllä;1
1505;9/2024;2024_9_197;kyselyn;1
1505;9/2024;2024_9_197;kyselyssä;1
1505;9/2024;2024_9_197;lainapainotteisen;1
1505;9/2024;2024_9_197;liittyy;1
1505;9/2024;2024_9_197;lopputulokseen;1
1505;9/2024;2024_9_197;lyly;1
1505;9/2024;2024_9_197;löytämään;1
1505;9/2024;2024_9_197;löytää;1
1505;9/2024;2024_9_197;mahdolliset;1
1505;9/2024;2024_9_197;mainitsi;1
1505;9/2024;2024_9_197;mainitsin;1
1505;9/2024;2024_9_197;mallin;1
1505;9/2024;2024_9_197;meillä;3
1505;9/2024;2024_9_197;merkittävästi;1
1505;9/2024;2024_9_197;moni;1
1505;9/2024;2024_9_197;monimuotokoulutusta;1
1505;9/2024;2024_9_197;muistetaan;1
1505;9/2024;2024_9_197;muita;1
1505;9/2024;2024_9_197;mukaan;3
1505;9/2024;2024_9_197;mukaiset;1
1505;9/2024;2024_9_197;mutta;1
1505;9/2024;2024_9_197;muutoksilla;1
1505;9/2024;2024_9_197;myös;3
1505;9/2024;2024_9_197;myöskään;1
1505;9/2024;2024_9_197;myötä;1
1505;9/2024;2024_9_197;niihin;1
1505;9/2024;2024_9_197;niin;2
1505;9/2024;2024_9_197;noin;1
1505;9/2024;2024_9_197;nostamiseen;2
1505;9/2024;2024_9_197;nykyisellään;2
1505;9/2024;2024_9_197;nykytyössä;1
1505;9/2024;2024_9_197;nyt;2
1505;9/2024;2024_9_197;näillä;1
1505;9/2024;2024_9_197;näin;1
1505;9/2024;2024_9_197;näitten;1
1505;9/2024;2024_9_197;näitä;1
1505;9/2024;2024_9_197;nämä;1
1505;9/2024;2024_9_197;oli;3
1505;9/2024;2024_9_197;olisi;1
1505;9/2024;2024_9_197;olla;2
1505;9/2024;2024_9_197;ollut;1
1505;9/2024;2024_9_197;omaavia;1
1505;9/2024;2024_9_197;omasta;1
1505;9/2024;2024_9_197;on;9
1505;9/2024;2024_9_197;onkin;1
1505;9/2024;2024_9_197;opetus;1
1505;9/2024;2024_9_197;opiskeleville;1
1505;9/2024;2024_9_197;oppimista;1
1505;9/2024;2024_9_197;osuus;1
1505;9/2024;2024_9_197;ovat;3
1505;9/2024;2024_9_197;painottua;1
1505;9/2024;2024_9_197;painottuu;1
1505;9/2024;2024_9_197;paljonkin;1
1505;9/2024;2024_9_197;parannetaan;1
1505;9/2024;2024_9_197;parantavaan;1
1505;9/2024;2024_9_197;paremmin;1
1505;9/2024;2024_9_197;parhaimmat;1
1505;9/2024;2024_9_197;perusasteen;1
1505;9/2024;2024_9_197;peruskoulutaustaisia;1
1505;9/2024;2024_9_197;peruskoulutaustaisiin;1
1505;9/2024;2024_9_197;peruskoulutaustaisten;1
1505;9/2024;2024_9_197;pienet;1
1505;9/2024;2024_9_197;poissa;1
1505;9/2024;2024_9_197;prosentilla;1
1505;9/2024;2024_9_197;prosentti;1
1505;9/2024;2024_9_197;prosenttia;2
1505;9/2024;2024_9_197;puhemies;1
1505;9/2024;2024_9_197;puhutun;1
1505;9/2024;2024_9_197;puolet;1
1505;9/2024;2024_9_197;pyritään;1
1505;9/2024;2024_9_197;pyritäänkin;1
1505;9/2024;2024_9_197;päivitetään;1
1505;9/2024;2024_9_197;pätevöityminen;1
1505;9/2024;2024_9_197;päämotivaatiotekijänä;1
1505;9/2024;2024_9_197;riippuvat;1
1505;9/2024;2024_9_197;riitä;2
1505;9/2024;2024_9_197;rouva;1
1505;9/2024;2024_9_197;saadut;1
1505;9/2024;2024_9_197;saajista;1
1505;9/2024;2024_9_197;saaneista;1
1505;9/2024;2024_9_197;saatavat;1
1505;9/2024;2024_9_197;samassa;2
1505;9/2024;2024_9_197;seikka;1
1505;9/2024;2024_9_197;sekä;1
1505;9/2024;2024_9_197;sellaisia;1
1505;9/2024;2024_9_197;selvityksen;1
1505;9/2024;2024_9_197;selvityksessä;1
1505;9/2024;2024_9_197;sen;3
1505;9/2024;2024_9_197;siirtymiin;1
1505;9/2024;2024_9_197;siirtymät;1
1505;9/2024;2024_9_197;siis;1
1505;9/2024;2024_9_197;siitä;2
1505;9/2024;2024_9_197;sijaan;1
1505;9/2024;2024_9_197;sille;1
1505;9/2024;2024_9_197;silloin;1
1505;9/2024;2024_9_197;sitä;2
1505;9/2024;2024_9_197;sovittaa;1
1505;9/2024;2024_9_197;stm;1
1505;9/2024;2024_9_197;suorittaneiden;1
1505;9/2024;2024_9_197;suorittaneilla;1
1505;9/2024;2024_9_197;suunnata;1
1505;9/2024;2024_9_197;syyksi;1
1505;9/2024;2024_9_197;taas;1
1505;9/2024;2024_9_197;tai;2
1505;9/2024;2024_9_197;taloudellinen;1
1505;9/2024;2024_9_197;tarkoituksenmukaisesti;1
1505;9/2024;2024_9_197;tarvitse;1
1505;9/2024;2024_9_197;tarvitsevansa;1
1505;9/2024;2024_9_197;tarvitsisi;1
1505;9/2024;2024_9_197;tasapainotetaan;1
1505;9/2024;2024_9_197;tasapainottamiseen;1
1505;9/2024;2024_9_197;tavoitetta;1
1505;9/2024;2024_9_197;tavoitteita;1
1505;9/2024;2024_9_197;tehokas;1
1505;9/2024;2024_9_197;tehoton;1
1505;9/2024;2024_9_197;tekeminen;1
1505;9/2024;2024_9_197;todetaan;1
1505;9/2024;2024_9_197;toisen;2
1505;9/2024;2024_9_197;tosiaan;1
1505;9/2024;2024_9_197;tuen;2
1505;9/2024;2024_9_197;tuetaan;1
1505;9/2024;2024_9_197;tukea;1
1505;9/2024;2024_9_197;tuki;2
1505;9/2024;2024_9_197;tulisi;2
1505;9/2024;2024_9_197;tullaan;1
1505;9/2024;2024_9_197;tutkimuksen;1
1505;9/2024;2024_9_197;tutkinnon;1
1505;9/2024;2024_9_197;tutkinto;2
1505;9/2024;2024_9_197;tutkintoa;1
1505;9/2024;2024_9_197;tutkintokoulutuksessa;1
1505;9/2024;2024_9_197;työhyvinvointiasiat;1
1505;9/2024;2024_9_197;työllistämismahdollisuudet;1
1505;9/2024;2024_9_197;työllisyysasteen;1
1505;9/2024;2024_9_197;työllisyysrahaston;2
1505;9/2024;2024_9_197;työllisyysvaikutukset;1
1505;9/2024;2024_9_197;työllisyyttä;1
1505;9/2024;2024_9_197;työmarkkina-asemaa;1
1505;9/2024;2024_9_197;työmarkkinoilla;1
1505;9/2024;2024_9_197;työmotivaatioon;1
1505;9/2024;2024_9_197;työn;2
1505;9/2024;2024_9_197;työryhmän;1
1505;9/2024;2024_9_197;työtapoja;1
1505;9/2024;2024_9_197;työurallaan;1
1505;9/2024;2024_9_197;työuran;1
1505;9/2024;2024_9_197;tähän;1
1505;9/2024;2024_9_197;tämä;1
1505;9/2024;2024_9_197;tämän;1
1505;9/2024;2024_9_197;tässä;2
1505;9/2024;2024_9_197;tätä;1
1505;9/2024;2024_9_197;täytyy;1
1505;9/2024;2024_9_197;täällä;1
1505;9/2024;2024_9_197;töistä;1
1505;9/2024;2024_9_197;ulkopuolisissa;1
1505;9/2024;2024_9_197;uudistaa;1
1505;9/2024;2024_9_197;uudistusten;1
1505;9/2024;2024_9_197;vaihtaa;1
1505;9/2024;2024_9_197;vaikuttaa;1
1505;9/2024;2024_9_197;vain;1
1505;9/2024;2024_9_197;valmiiksi;2
1505;9/2024;2024_9_197;valmistelemaan;1
1505;9/2024;2024_9_197;valtiontalouden;1
1505;9/2024;2024_9_197;valtiontaloutta;1
1505;9/2024;2024_9_197;varmaan;1
1505;9/2024;2024_9_197;varten;1
1505;9/2024;2024_9_197;vastaa;2
1505;9/2024;2024_9_197;vastaajista;1
1505;9/2024;2024_9_197;vastasi;1
1505;9/2024;2024_9_197;vastuu;1
1505;9/2024;2024_9_197;verrattuna;1
1505;9/2024;2024_9_197;voidaan;1
1505;9/2024;2024_9_197;voidakseen;1
1505;9/2024;2024_9_197;voimassa;1
1505;9/2024;2024_9_197;vuoksi;1
1505;9/2024;2024_9_197;vuonna;1
1505;9/2024;2024_9_197;vuotta;1
1505;9/2024;2024_9_197;vähäinen;1
1505;9/2024;2024_9_197;välttämättä;1
1505;9/2024;2024_9_197;yhteen;1
1505;9/2024;2024_9_197;yksi;1
1505;9/2024;2024_9_197;ylemmän;1
1505;9/2024;2024_9_197;yli;1
1505;94/2024;2024_94_113;ainakin;1
1505;94/2024;2024_94_113;ajattelisin;1
1505;94/2024;2024_94_113;alaikäisten;1
1505;94/2024;2024_94_113;alle;2
1505;94/2024;2024_94_113;arvoisa;1
1505;94/2024;2024_94_113;ehdotetun;1
1505;94/2024;2024_94_113;ehkäistä;1
1505;94/2024;2024_94_113;ei;2
1505;94/2024;2024_94_113;eikä;1
1505;94/2024;2024_94_113;erittäin;1
1505;94/2024;2024_94_113;erityisen;2
1505;94/2024;2024_94_113;että;3
1505;94/2024;2024_94_113;hallussapitää;1
1505;94/2024;2024_94_113;houkuttelevat;1
1505;94/2024;2024_94_113;houkuttelevin;1
1505;94/2024;2024_94_113;itse;1
1505;94/2024;2024_94_113;ja;1
1505;94/2024;2024_94_113;jatkossa;1
1505;94/2024;2024_94_113;jatkuu;1
1505;94/2024;2024_94_113;jatkuvasti;1
1505;94/2024;2024_94_113;joka;1
1505;94/2024;2024_94_113;jos;2
1505;94/2024;2024_94_113;jossakin;1
1505;94/2024;2024_94_113;kai;2
1505;94/2024;2024_94_113;kannatettavana;1
1505;94/2024;2024_94_113;keskustellaan;2
1505;94/2024;2024_94_113;keskustelu;1
1505;94/2024;2024_94_113;kiitos;1
1505;94/2024;2024_94_113;koivu;1
1505;94/2024;2024_94_113;kuitenkin;1
1505;94/2024;2024_94_113;kyllä;3
1505;94/2024;2024_94_113;lakiehdotusta;1
1505;94/2024;2024_94_113;lapsia;1
1505;94/2024;2024_94_113;lapsille;1
1505;94/2024;2024_94_113;mainittiin;1
1505;94/2024;2024_94_113;meillä;1
1505;94/2024;2024_94_113;mekin;1
1505;94/2024;2024_94_113;mistä;1
1505;94/2024;2024_94_113;mitään;1
1505;94/2024;2024_94_113;mukaisesti;1
1505;94/2024;2024_94_113;mutta;1
1505;94/2024;2024_94_113;myydä;1
1505;94/2024;2024_94_113;myös;1
1505;94/2024;2024_94_113;myötä;1
1505;94/2024;2024_94_113;määrin;1
1505;94/2024;2024_94_113;ne;1
1505;94/2024;2024_94_113;niin;2
1505;94/2024;2024_94_113;nikotiiniraja;1
1505;94/2024;2024_94_113;nikotiiniriippuvuutta;1
1505;94/2024;2024_94_113;nikotiinituotteet;1
1505;94/2024;2024_94_113;nimenomaan;1
1505;94/2024;2024_94_113;nyt;1
1505;94/2024;2024_94_113;näistä;1
1505;94/2024;2024_94_113;ole;1
1505;94/2024;2024_94_113;olisin;1
1505;94/2024;2024_94_113;ollut;1
1505;94/2024;2024_94_113;on;5
1505;94/2024;2024_94_113;palaamme;1
1505;94/2024;2024_94_113;pidän;1
1505;94/2024;2024_94_113;piiriin;1
1505;94/2024;2024_94_113;pohjoismaissa;1
1505;94/2024;2024_94_113;poistaa;1
1505;94/2024;2024_94_113;polttopuuna;1
1505;94/2024;2024_94_113;puhemies;1
1505;94/2024;2024_94_113;puhuttu;1
1505;94/2024;2024_94_113;rajaa;1
1505;94/2024;2024_94_113;rajasta;1
1505;94/2024;2024_94_113;saa;2
1505;94/2024;2024_94_113;saada;1
1505;94/2024;2024_94_113;savuttomat;1
1505;94/2024;2024_94_113;sen;2
1505;94/2024;2024_94_113;sieltä;1
1505;94/2024;2024_94_113;siihen;1
1505;94/2024;2024_94_113;siinä;1
1505;94/2024;2024_94_113;siitä;2
1505;94/2024;2024_94_113;sillä;1
1505;94/2024;2024_94_113;sitten;1
1505;94/2024;2024_94_113;suomessa;1
1505;94/2024;2024_94_113;sääntelyn;2
1505;94/2024;2024_94_113;säätänyt;1
1505;94/2024;2024_94_113;tarkoitus;1
1505;94/2024;2024_94_113;tavalla;1
1505;94/2024;2024_94_113;tavoite;1
1505;94/2024;2024_94_113;tiukennetaan;1
1505;94/2024;2024_94_113;toimii;1
1505;94/2024;2024_94_113;totta;2
1505;94/2024;2024_94_113;tuoksuista;1
1505;94/2024;2024_94_113;tuoksut;1
1505;94/2024;2024_94_113;tuontia;1
1505;94/2024;2024_94_113;tupakan;1
1505;94/2024;2024_94_113;tupakkalain;1
1505;94/2024;2024_94_113;tämä;2
1505;94/2024;2024_94_113;tärkeä;1
1505;94/2024;2024_94_113;tärkeää;1
1505;94/2024;2024_94_113;tässä;2
1505;94/2024;2024_94_113;tästä;1
1505;94/2024;2024_94_113;tätä;1
1505;94/2024;2024_94_113;vaihtoehto;1
1505;94/2024;2024_94_113;varmasti;1
1505;94/2024;2024_94_113;vastiketta;1
1505;94/2024;2024_94_113;vuotiaille;1
1505;94/2024;2024_94_113;vuotias;1
1505;94/2024;2024_94_113;välttämättä;1
1505;94/2024;2024_94_12;aina;1
1505;94/2024;2024_94_12;aloite;1
1505;94/2024;2024_94_12;alueiden;1
1505;94/2024;2024_94_12;arvoisa;1
1505;94/2024;2024_94_12;asiaan;1
1505;94/2024;2024_94_12;asiakaspalvelun;1
1505;94/2024;2024_94_12;elinvoimaisuutta;1
1505;94/2024;2024_94_12;esityksessä;1
1505;94/2024;2024_94_12;että;1
1505;94/2024;2024_94_12;huomioidaan;1
1505;94/2024;2024_94_12;huomioon;1
1505;94/2024;2024_94_12;hyvin;2
1505;94/2024;2024_94_12;ja;5
1505;94/2024;2024_94_12;joustavan;1
1505;94/2024;2024_94_12;joustavasti;1
1505;94/2024;2024_94_12;joustavuuden;1
1505;94/2024;2024_94_12;järjestää;2
1505;94/2024;2024_94_12;kannatettava;1
1505;94/2024;2024_94_12;kannatettavien;1
1505;94/2024;2024_94_12;kanssa;1
1505;94/2024;2024_94_12;ketteryyden;2
1505;94/2024;2024_94_12;kiitos;1
1505;94/2024;2024_94_12;kilpailukykyä;1
1505;94/2024;2024_94_12;koskevan;1
1505;94/2024;2024_94_12;kun;1
1505;94/2024;2024_94_12;laissa;1
1505;94/2024;2024_94_12;lausuntopalaute;1
1505;94/2024;2024_94_12;lisäämiseksi;1
1505;94/2024;2024_94_12;lisäämistä;1
1505;94/2024;2024_94_12;läsnäololla;1
1505;94/2024;2024_94_12;mahdollisuus;2
1505;94/2024;2024_94_12;moninaisuus;1
1505;94/2024;2024_94_12;muiden;1
1505;94/2024;2024_94_12;myönteistä;1
1505;94/2024;2024_94_12;myös;1
1505;94/2024;2024_94_12;neutraalia;1
1505;94/2024;2024_94_12;näin;1
1505;94/2024;2024_94_12;näytti;1
1505;94/2024;2024_94_12;olevan;1
1505;94/2024;2024_94_12;ollaan;1
1505;94/2024;2024_94_12;on;2
1505;94/2024;2024_94_12;ottamaan;1
1505;94/2024;2024_94_12;palvelukanavien;1
1505;94/2024;2024_94_12;palveluntarve;1
1505;94/2024;2024_94_12;palvelut;1
1505;94/2024;2024_94_12;puhemies;1
1505;94/2024;2024_94_12;pyritty;1
1505;94/2024;2024_94_12;se;1
1505;94/2024;2024_94_12;sekä;1
1505;94/2024;2024_94_12;siis;1
1505;94/2024;2024_94_12;sijoittamista;1
1505;94/2024;2024_94_12;siten;1
1505;94/2024;2024_94_12;sääntely-suomessa;1
1505;94/2024;2024_94_12;sääntelyn;2
1505;94/2024;2024_94_12;tai;1
1505;94/2024;2024_94_12;tavoitellaan;1
1505;94/2024;2024_94_12;tavoitteena;1
1505;94/2024;2024_94_12;tavoitteiden;1
1505;94/2024;2024_94_12;toimipaikkojen;1
1505;94/2024;2024_94_12;toimitilaverkon;1
1505;94/2024;2024_94_12;turvallisuutta;1
1505;94/2024;2024_94_12;työnantajana;1
1505;94/2024;2024_94_12;tähän;1
1505;94/2024;2024_94_12;tässä;2
1505;94/2024;2024_94_12;vahvistetaan;1
1505;94/2024;2024_94_12;valtion;4
1505;94/2024;2024_94_12;viranomaispalvelut;1
1505;94/2024;2024_94_12;virastojen;1
1505;94/2024;2024_94_12;vähentäminen;1
1505;94/2024;2024_94_12;vähentämistä;1
1505;94/2024;2024_94_12;yhteistyössä;1
1505;94/2024;2024_94_12;äärellä;1
1505;94/2024;2024_94_85;ainoa;1
1505;94/2024;2024_94_85;ala;1
1505;94/2024;2024_94_85;alaisuuteen;1
1505;94/2024;2024_94_85;alakohtaisten;1
1505;94/2024;2024_94_85;aloilla;2
1505;94/2024;2024_94_85;aloja;1
1505;94/2024;2024_94_85;arvoisa;1
1505;94/2024;2024_94_85;asemaan;1
1505;94/2024;2024_94_85;asioissa;1
1505;94/2024;2024_94_85;edellyttänyt;1
1505;94/2024;2024_94_85;edellytykset;1
1505;94/2024;2024_94_85;ei;2
1505;94/2024;2024_94_85;erikseen;1
1505;94/2024;2024_94_85;erilliselle;1
1505;94/2024;2024_94_85;esiin;1
1505;94/2024;2024_94_85;esityksen;1
1505;94/2024;2024_94_85;esitysluonnokseen;1
1505;94/2024;2024_94_85;esitystä;1
1505;94/2024;2024_94_85;että;2
1505;94/2024;2024_94_85;hallituksen;1
1505;94/2024;2024_94_85;huolimatta;1
1505;94/2024;2024_94_85;huomioimiseksi;1
1505;94/2024;2024_94_85;huomioitu;1
1505;94/2024;2024_94_85;itse;1
1505;94/2024;2024_94_85;ja;5
1505;94/2024;2024_94_85;jatai;1
1505;94/2024;2024_94_85;jatkovalmistelussa;1
1505;94/2024;2024_94_85;joilla;1
1505;94/2024;2024_94_85;joita;1
1505;94/2024;2024_94_85;joka;1
1505;94/2024;2024_94_85;jolla;1
1505;94/2024;2024_94_85;kaikilla;2
1505;94/2024;2024_94_85;kannatan;1
1505;94/2024;2024_94_85;kiitos;1
1505;94/2024;2024_94_85;kokemusta;1
1505;94/2024;2024_94_85;kokonaisuudessaan;1
1505;94/2024;2024_94_85;kolmivuorotyötä;1
1505;94/2024;2024_94_85;korvauksesta;2
1505;94/2024;2024_94_85;koska;1
1505;94/2024;2024_94_85;koskevat;1
1505;94/2024;2024_94_85;koskevissa;1
1505;94/2024;2024_94_85;kuin;1
1505;94/2024;2024_94_85;kyllä;2
1505;94/2024;2024_94_85;lainsäädännön;1
1505;94/2024;2024_94_85;laissa;1
1505;94/2024;2024_94_85;lausunnoissa;1
1505;94/2024;2024_94_85;leipomoala;2
1505;94/2024;2024_94_85;leipomoalan;1
1505;94/2024;2024_94_85;maksettavasta;2
1505;94/2024;2024_94_85;merkittäviä;1
1505;94/2024;2024_94_85;muassa;1
1505;94/2024;2024_94_85;muihin;1
1505;94/2024;2024_94_85;muilla;1
1505;94/2024;2024_94_85;muitakin;1
1505;94/2024;2024_94_85;muun;1
1505;94/2024;2024_94_85;muutoksia;1
1505;94/2024;2024_94_85;myös;1
1505;94/2024;2024_94_85;myöskään;2
1505;94/2024;2024_94_85;nelivuorotyötä;1
1505;94/2024;2024_94_85;niin;1
1505;94/2024;2024_94_85;noussut;1
1505;94/2024;2024_94_85;näkökulmasta;1
1505;94/2024;2024_94_85;ole;1
1505;94/2024;2024_94_85;olen;1
1505;94/2024;2024_94_85;olisi;1
1505;94/2024;2024_94_85;ollut;1
1505;94/2024;2024_94_85;on;7
1505;94/2024;2024_94_85;palkkausta;1
1505;94/2024;2024_94_85;perusteita;1
1505;94/2024;2024_94_85;puhemies;1
1505;94/2024;2024_94_85;pääasiallisesti;1
1505;94/2024;2024_94_85;saaduissa;1
1505;94/2024;2024_94_85;saattaa;1
1505;94/2024;2024_94_85;sekä;1
1505;94/2024;2024_94_85;sellaista;1
1505;94/2024;2024_94_85;sisältää;1
1505;94/2024;2024_94_85;sote-alalla;1
1505;94/2024;2024_94_85;sovelletaan;1
1505;94/2024;2024_94_85;sovitaan;1
1505;94/2024;2024_94_85;sovittu;1
1505;94/2024;2024_94_85;suhteessa;1
1505;94/2024;2024_94_85;syistä;1
1505;94/2024;2024_94_85;säädetty;1
1505;94/2024;2024_94_85;säännönmukaisesti;1
1505;94/2024;2024_94_85;sääntelylle;1
1505;94/2024;2024_94_85;sääntelyn;1
1505;94/2024;2024_94_85;sääntelyä;1
1505;94/2024;2024_94_85;tai;1
1505;94/2024;2024_94_85;tarpeiden;1
1505;94/2024;2024_94_85;tasolla;1
1505;94/2024;2024_94_85;tavoitteena;1
1505;94/2024;2024_94_85;teettäminen;1
1505;94/2024;2024_94_85;tehdään;1
1505;94/2024;2024_94_85;tehnyt;1
1505;94/2024;2024_94_85;tehtaassa;1
1505;94/2024;2024_94_85;tekemistä;1
1505;94/2024;2024_94_85;toimialoihin;1
1505;94/2024;2024_94_85;toisinsopimismahdollisuuden;1
1505;94/2024;2024_94_85;työaikalaissa;1
1505;94/2024;2024_94_85;työaikalaki;1
1505;94/2024;2024_94_85;työehtosopimuksella;1
1505;94/2024;2024_94_85;työehtosopimuksissa;1
1505;94/2024;2024_94_85;työehtosopimus;1
1505;94/2024;2024_94_85;työlain;1
1505;94/2024;2024_94_85;työsopimuksilla;1
1505;94/2024;2024_94_85;työsuojelullisista;1
1505;94/2024;2024_94_85;työsuojelun;1
1505;94/2024;2024_94_85;työturvallisuuslaissa;1
1505;94/2024;2024_94_85;tämän;1
1505;94/2024;2024_94_85;tästä;1
1505;94/2024;2024_94_85;vaikutusten;1
1505;94/2024;2024_94_85;valtakunnallinen;1
1505;94/2024;2024_94_85;vastaavaan;1
1505;94/2024;2024_94_85;vuoksi;1
1505;94/2024;2024_94_85;yhdenmukaistavien;1
1505;94/2024;2024_94_85;yleisen;1
1505;94/2024;2024_94_85;yrittäjänä;1
1505;94/2024;2024_94_85;yötyön;2
1505;94/2024;2024_94_85;yötyöstä;3
1505;94/2024;2024_94_85;yötyötä;1
1505;98/2024;2024_98_222;annetaan;1
1505;98/2024;2024_98_222;apu;1
1505;98/2024;2024_98_222;arvoisa;1
1505;98/2024;2024_98_222;arvoja;1
1505;98/2024;2024_98_222;edistävät;1
1505;98/2024;2024_98_222;ei;1
1505;98/2024;2024_98_222;eivät;1
1505;98/2024;2024_98_222;esimerkiksi;1
1505;98/2024;2024_98_222;esityksen;3
1505;98/2024;2024_98_222;esitys;1
1505;98/2024;2024_98_222;estämällä;1
1505;98/2024;2024_98_222;estää;1
1505;98/2024;2024_98_222;hallituksen;2
1505;98/2024;2024_98_222;henkilöiden;2
1505;98/2024;2024_98_222;hyväksyttävyyttä;1
1505;98/2024;2024_98_222;hädänalaisille;1
1505;98/2024;2024_98_222;ihmiset;1
1505;98/2024;2024_98_222;ja;6
1505;98/2024;2024_98_222;joissa;1
1505;98/2024;2024_98_222;jos;1
1505;98/2024;2024_98_222;järjestelmän;1
1505;98/2024;2024_98_222;järjestys;1
1505;98/2024;2024_98_222;jäävät;1
1505;98/2024;2024_98_222;kansainvälinen;1
1505;98/2024;2024_98_222;keskeinen;1
1505;98/2024;2024_98_222;kiinteä;1
1505;98/2024;2024_98_222;kiitos;1
1505;98/2024;2024_98_222;kohdistaa;1
1505;98/2024;2024_98_222;kohti;1
1505;98/2024;2024_98_222;koskevat;1
1505;98/2024;2024_98_222;kunnioiteta;1
1505;98/2024;2024_98_222;kunnioitettava;1
1505;98/2024;2024_98_222;laajemmat;1
1505;98/2024;2024_98_222;lainsäädäntöä;2
1505;98/2024;2024_98_222;laittomasti;2
1505;98/2024;2024_98_222;linjanmuutosta;1
1505;98/2024;2024_98_222;länsimaisia;1
1505;98/2024;2024_98_222;maahan;1
1505;98/2024;2024_98_222;maahanmuutto;1
1505;98/2024;2024_98_222;maahanmuuttopolitiikan;1
1505;98/2024;2024_98_222;maahantulokiellon;1
1505;98/2024;2024_98_222;maassa;1
1505;98/2024;2024_98_222;maasta;1
1505;98/2024;2024_98_222;mahdollistamalla;1
1505;98/2024;2024_98_222;mallia;1
1505;98/2024;2024_98_222;mikä;1
1505;98/2024;2024_98_222;murentaa;1
1505;98/2024;2024_98_222;muutokset;1
1505;98/2024;2024_98_222;myötä;1
1505;98/2024;2024_98_222;määräaikaisen;1
1505;98/2024;2024_98_222;määrääminen;1
1505;98/2024;2024_98_222;oleskelevien;1
1505;98/2024;2024_98_222;on;5
1505;98/2024;2024_98_222;orpon;1
1505;98/2024;2024_98_222;osa;2
1505;98/2024;2024_98_222;palauttamispolitiikkaa;1
1505;98/2024;2024_98_222;palautukset;2
1505;98/2024;2024_98_222;paluu;1
1505;98/2024;2024_98_222;paremmin;1
1505;98/2024;2024_98_222;pidemmän;1
1505;98/2024;2024_98_222;pohjoismaalaista;1
1505;98/2024;2024_98_222;poistamista;1
1505;98/2024;2024_98_222;puhemies;1
1505;98/2024;2024_98_222;rikollisiin;1
1505;98/2024;2024_98_222;rouva;1
1505;98/2024;2024_98_222;sekä;1
1505;98/2024;2024_98_222;suomeen;1
1505;98/2024;2024_98_222;suomen;1
1505;98/2024;2024_98_222;syyllistyneiden;1
1505;98/2024;2024_98_222;säilöönottoa;1
1505;98/2024;2024_98_222;tapauksissa;1
1505;98/2024;2024_98_222;tavoite;1
1505;98/2024;2024_98_222;tavoitteena;1
1505;98/2024;2024_98_222;tehokasta;1
1505;98/2024;2024_98_222;tehokkaat;1
1505;98/2024;2024_98_222;tehostaa;1
1505;98/2024;2024_98_222;toimi;1
1505;98/2024;2024_98_222;toimintamahdollisuudet;1
1505;98/2024;2024_98_222;turvallisuus;2
1505;98/2024;2024_98_222;turvapaikkajärjestelmän;2
1505;98/2024;2024_98_222;turvata;1
1505;98/2024;2024_98_222;tämän;1
1505;98/2024;2024_98_222;ulkomaalaistenkin;1
1505;98/2024;2024_98_222;uskottavan;1
1505;98/2024;2024_98_222;viranomaisille;1
1505;98/2024;2024_98_222;väärinkäyttöä;1
1505;98/2024;2024_98_222;yleinen;2
